1.000000 0.723699 0.588788 0.681554 0.573492 0.811735 0.885403 1.000000 0.782184 0.745143 0.541863 0.866288 0.842233 0.903709 0.849131 0.827880 0.923899 0.991065 0.997680 0.948411 0.834854 0.804260 nan 0.997603 0.882489 0.810001 0.848822 0.999861 0.823891
0.723699 1.000000 0.675234 0.704157 0.626266 0.774170 0.742491 0.723677 0.790272 0.979700 0.692214 0.696809 0.691922 0.700990 0.704876 0.731460 0.719314 0.718883 0.722959 0.705758 0.747876 0.751678 nan 0.723854 0.797423 0.740701 0.839431 0.724149 0.890016
0.588788 0.675234 1.000000 0.539002 0.743062 0.435310 0.492848 0.588660 0.420883 0.617630 0.973250 0.578646 0.556588 0.526704 0.509593 0.479303 0.485750 0.572911 0.589192 0.494522 0.458871 0.494728 nan 0.591883 0.571396 0.541502 0.475095 0.591662 0.570002
0.681554 0.704157 0.539002 1.000000 0.575776 0.704408 0.690971 0.681531 0.780779 0.710707 0.481765 0.680002 0.680167 0.688995 0.687518 0.692258 0.681416 0.678433 0.681452 0.682390 0.695322 0.698809 nan 0.682099 0.695081 0.703579 0.710845 0.682068 0.702947
0.573492 0.626266 0.743062 0.575776 1.000000 0.436350 0.457524 0.573338 0.482328 0.539349 0.848078 0.564969 0.538381 0.506851 0.488819 0.468564 0.419448 0.554205 0.574036 0.454418 0.376664 0.488008 nan 0.577109 0.552853 0.424126 0.469413 0.576931 0.396315
0.811735 0.774170 0.435310 0.704408 0.436350 1.000000 0.865377 0.811910 0.909491 0.860853 0.329662 0.881956 0.904759 0.872296 0.924128 0.978240 0.865420 0.836053 0.813701 0.884526 0.904765 0.990404 nan 0.807561 0.775753 0.902526 0.974547 0.807884 0.879495
0.885403 0.742491 0.492848 0.690971 0.457524 0.865377 1.000000 0.885467 0.846068 0.801572 0.338755 0.872605 0.893489 0.981931 0.943665 0.855270 0.984758 0.890401 0.882933 0.978326 0.881047 0.863770 nan 0.884585 0.934633 0.861484 0.818611 0.883865 0.851477
1.000000 0.723677 0.588660 0.681531 0.573338 0.811910 0.885467 1.000000 0.782203 0.745126 0.541648 0.866709 0.842682 0.903757 0.849453 0.828214 0.923976 0.991166 0.997689 0.948465 0.834918 0.804414 nan 0.997594 0.882525 0.810046 0.848822 0.999849 0.823897
0.782184 0.790272 0.420883 0.780779 0.482328 0.909491 0.846068 0.782203 1.000000 0.886955 0.354045 0.767694 0.787474 0.826458 0.829121 0.871579 0.847130 0.782250 0.781540 0.835731 0.924854 0.877742 nan 0.781091 0.815584 0.961744 0.923189 0.781709 0.936989
0.745143 0.979700 0.617630 0.710707 0.539349 0.860853 0.801572 0.745126 0.886955 1.000000 0.626810 0.717796 0.721162 0.748998 0.758977 0.806824 0.773287 0.740423 0.743682 0.754082 0.844855 0.825576 nan 0.745570 0.847703 0.854627 0.910839 0.745458 0.956871
0.541863 0.692214 0.973250 0.481765 0.848078 0.329662 0.338755 0.541648 0.354045 0.626810 1.000000 0.526009 0.486506 0.427186 0.397246 0.373499 0.163090 0.514035 0.542555 0.306884 0.000000 0.427104 nan 0.546906 0.529476 0.492459 0.446775 0.546651 0.528296
0.866288 0.696809 0.578646 0.680002 0.564969 0.881956 0.872605 0.866709 0.767694 0.717796 0.526009 1.000000 0.984713 0.884285 0.962329 0.945221 0.891512 0.928222 0.860197 0.905216 0.812666 0.879698 nan 0.869631 0.824794 0.789711 0.801929 0.856553 0.771261
0.842233 0.691922 0.556588 0.680167 0.538381 0.904759 0.893489 0.842682 0.787474 0.721162 0.486506 0.984713 1.000000 0.890770 0.971912 0.962110 0.910561 0.905076 0.851432 0.913417 0.839893 0.908730 nan 0.830055 0.820065 0.813825 0.806661 0.832443 0.771793
0.903709 0.700990 0.526704 0.688995 0.506851 0.872296 0.981931 0.903757 0.826458 0.748998 0.427186 0.884285 0.890770 1.000000 0.952663 0.852999 0.967749 0.906833 0.896845 0.988897 0.847523 0.867326 nan 0.907023 0.854733 0.840522 0.837139 0.902340 0.807896
0.849131 0.704876 0.509593 0.687518 0.488819 0.924128 0.943665 0.849453 0.829121 0.758977 0.397246 0.962329 0.971912 0.952663 1.000000 0.937165 0.937947 0.896123 0.846863 0.952784 0.845079 0.919518 nan 0.848827 0.828823 0.844390 0.854007 0.841803 0.803714
0.827880 0.731460 0.479303 0.692258 0.468564 0.978240 0.855270 0.828214 0.871579 0.806824 0.373499 0.945221 0.962110 0.852999 0.937165 1.000000 0.876893 0.875359 0.833520 0.884179 0.902589 0.974319 nan 0.819692 0.796937 0.879127 0.929015 0.820563 0.846648
0.923899 0.719314 0.485750 0.681416 0.419448 0.865420 0.984758 0.923976 0.847130 0.773287 0.163090 0.891512 0.910561 0.967749 0.937947 0.876893 1.000000 0.929754 0.923129 0.986556 0.919960 0.865709 nan 0.920860 0.927983 0.890495 0.822829 0.922121 0.850758
0.991065 0.718883 0.572911 0.678433 0.554205 0.836053 0.890401 0.991166 0.782250 0.740423 0.514035 0.928222 0.905076 0.906833 0.896123 0.875359 0.929754 1.000000 0.989189 0.950573 0.840228 0.825454 nan 0.988393 0.883038 0.813448 0.843871 0.988676 0.820822
0.997680 0.722959 0.589192 0.681452 0.574036 0.813701 0.882933 0.997689 0.781540 0.743682 0.542555 0.860197 0.851432 0.896845 0.846863 0.833520 0.923129 0.989189 1.000000 0.944732 0.836877 0.806331 nan 0.990524 0.879275 0.810272 0.846225 0.997501 0.821364
0.948411 0.705758 0.494522 0.682390 0.454418 0.884526 0.978326 0.948465 0.835731 0.754082 0.306884 0.905216 0.913417 0.988897 0.952784 0.884179 0.986556 0.950573 0.944732 1.000000 0.884470 0.883471 nan 0.948013 0.885909 0.865714 0.855222 0.947026 0.830420
0.834854 0.747876 0.458871 0.695322 0.376664 0.904765 0.881047 0.834918 0.924854 0.844855 0.000000 0.812666 0.839893 0.847523 0.845079 0.902589 0.919960 0.840228 0.836877 0.884470 1.000000 0.875619 nan 0.830157 0.858006 0.952416 0.912210 0.833468 0.935528
0.804260 0.751678 0.494728 0.698809 0.488008 0.990404 0.863770 0.804414 0.877742 0.825576 0.427104 0.879698 0.908730 0.867326 0.919518 0.974319 0.865709 0.825454 0.806331 0.883471 0.875619 1.000000 nan 0.800086 0.776151 0.881601 0.945302 0.800878 0.842789
nan nan nan nan nan nan nan nan nan nan nan nan nan nan nan nan nan nan nan nan nan nan nan nan nan nan nan nan nan
0.997603 0.723854 0.591883 0.682099 0.577109 0.807561 0.884585 0.997594 0.781091 0.745570 0.546906 0.869631 0.830055 0.907023 0.848827 0.819692 0.920860 0.988393 0.990524 0.948013 0.830157 0.800086 nan 1.000000 0.882440 0.807505 0.848601 0.997497 0.823987
0.882489 0.797423 0.571396 0.695081 0.552853 0.775753 0.934633 0.882525 0.815584 0.847703 0.529476 0.824794 0.820065 0.854733 0.828823 0.796937 0.927983 0.883038 0.879275 0.885909 0.858006 0.776151 nan 0.882440 1.000000 0.820811 0.767442 0.881531 0.882595
0.810001 0.740701 0.541502 0.703579 0.424126 0.902526 0.861484 0.810046 0.961744 0.854627 0.492459 0.789711 0.813825 0.840522 0.844390 0.879127 0.890495 0.813448 0.810272 0.865714 0.952416 0.881601 nan 0.807505 0.820811 1.000000 0.902303 0.808966 0.941296
0.848822 0.839431 0.475095 0.710845 0.469413 0.974547 0.818611 0.848822 0.923189 0.910839 0.446775 0.801929 0.806661 0.837139 0.854007 0.929015 0.822829 0.843871 0.846225 0.855222 0.912210 0.945302 nan 0.848601 0.767442 0.902303 1.000000 0.848686 0.922728
0.999861 0.724149 0.591662 0.682068 0.576931 0.807884 0.883865 0.999849 0.781709 0.745458 0.546651 0.856553 0.832443 0.902340 0.841803 0.820563 0.922121 0.988676 0.997501 0.947026 0.833468 0.800878 nan 0.997497 0.881531 0.808966 0.848686 1.000000 0.823621
0.823891 0.890016 0.570002 0.702947 0.396315 0.879495 0.851477 0.823897 0.936989 0.956871 0.528296 0.771261 0.771793 0.807896 0.803714 0.846648 0.850758 0.820822 0.821364 0.830420 0.935528 0.842789 nan 0.823987 0.882595 0.941296 0.922728 0.823621 1.000000
