1975.ndump2:SAU 861 608 391 2305 12 3467 1893 1474 125 979 4646 1412 404 8502 0 51 8257 373 731 0 45 2695 7016 1383 19 5790 69 3192 2597
1976.ndump2:SAU 789 551 238 2122 12 3028 1697 1283 75 451 4399 934 221 7269 0 42 7692 270 316 0 48 2335 5862 928 17 4904 70 2849 2137
1977.ndump2:SAU 1025 613 402 3092 14 3807 2483 1344 209 1058 6512 1609 435 10287 2 80 10794 957 579 1 35 4936 5820 1581 10 7048 95 4264 1997
1978.ndump2:SAU 800 627 285 1871 11 2908 2208 1465 118 610 2813 521 403 6324 0 80 6173 949 377 2 29 3691 4289 1436 7 6304 70 4057 2364
1979.ndump2:SAU 1022 759 321 2722 3 4079 2941 1880 187 711 4776 1011 506 9568 2 32 9917 1733 483 0 4 5549 6321 1744 2 9537 23 5696 3201
1980.ndump2:SAU 1206 747 630 3627 13 4844 3167 1777 279 1932 7497 2868 832 12646 0 93 13816 1511 1117 2 47 6549 7738 2316 19 10060 78 5730 2938
1981.ndump2:SAU 2039 924 1266 9256 38 9228 4936 2179 887 5737 30624 6183 2100 39343 10 350 35504 3841 2015 11 168 14259 15497 4716 58 17598 229 8478 3572
1982.ndump2:SAU 1592 854 981 5866 20 6922 4097 2020 696 3745 15304 3796 1874 23539 4 191 21900 3225 1588 3 121 10237 11072 3850 24 14173 130 7130 3307
1983.ndump2:SAU 1185 753 498 3604 24 4545 3378 1724 417 1272 7486 1318 868 12321 5 211 11886 2458 663 9 87 7722 5718 2568 25 10725 167 5939 2664
1984.ndump2:SAU 942 642 429 2389 21 3421 2604 1412 362 867 4231 1038 663 7412 6 108 8774 1356 537 10 88 4626 4176 2135 25 7575 135 4541 2080
1985.ndump2:SAU 527 484 122 970 2 1517 1515 1051 56 197 1149 335 118 2146 0 10 2873 395 157 0 4 2202 1636 572 1 3626 14 2726 1541
1986.ndump2:SAU 343 400 83 407 5 927 1022 824 26 87 256 53 101 964 2 3 978 369 74 0 29 989 736 471 4 2403 31 1771 1124
1987.ndump2:SAU 304 397 79 330 7 701 981 834 11 92 195 14 94 609 0 22 720 191 59 1 18 919 628 488 4 1724 47 1933 1148
1988.ndump2:SAU 245 477 73 103 11 603 955 1147 7 29 10 68 68 176 0 9 379 178 77 0 24 313 380 512 19 2021 80 2180 1856
1989.ndump2:SAU 172 335 13 112 12 280 613 709 0 2 24 14 4 140 0 6 268 32 4 4 8 336 95 86 16 922 76 1245 1000
1990.ndump2:SAU 282 459 33 254 13 735 932 1102 3 14 133 45 8 447 0 13 1054 24 23 3 15 564 1006 234 24 1856 86 2019 1821
1991.ndump2:SAU 274 384 47 277 9 600 887 816 21 29 168 49 17 381 0 23 797 107 56 2 13 725 502 271 11 1565 61 1750 1149
1992.ndump2:SAU 462 540 106 659 13 1320 1514 1280 52 83 608 159 91 1433 0 39 2200 251 147 3 26 1619 1396 639 24 3700 86 3035 2078
1993.ndump2:SAU 571 807 189 694 13 1909 2264 2315 83 204 510 338 204 1637 0 34 3240 438 308 0 47 2004 2521 1263 17 6199 113 5739 4647
1994.ndump2:SAU 328 664 37 302 6 832 1365 1898 4 20 165 99 8 421 0 10 1222 27 50 0 5 987 956 271 9 3003 54 3544 3841
1995.ndump2:SAU 268 590 80 137 4 688 1113 1606 12 46 37 99 46 168 0 8 613 82 163 0 7 434 691 526 4 2395 36 2837 3052
1996.ndump2:SAU 385 698 135 289 1 1254 1499 1993 45 101 107 196 138 654 0 2 1476 190 270 0 3 752 1812 867 0 3920 11 3794 4019
1997.ndump2:SAU 279 692 46 171 0 836 1147 2082 1 28 47 32 18 343 0 0 843 33 86 0 0 471 1454 387 0 2626 0 3188 4468
1998.ndump2:SAU 224 526 45 107 7 462 981 1360 8 23 17 10 46 125 0 10 291 158 27 1 15 426 209 362 4 1759 59 2545 2396
1999.ndump2:SAU 354 540 77 393 3 947 1238 1365 31 68 270 93 63 698 2 8 1419 82 131 0 5 1059 1261 425 1 2561 27 2828 2392
2000.ndump2:SAU 399 568 99 518 0 1073 1389 1454 27 146 412 204 83 967 0 0 1578 143 249 0 0 1501 1426 356 0 2974 0 3168 2588
2001.ndump2:SAU 538 814 203 644 0 1890 2047 2420 72 257 517 409 192 1654 0 0 2550 268 480 0 0 1805 3160 1263 0 5903 0 5060 5160
2002.ndump2:SAU 302 635 42 271 0 823 1182 1813 5 34 140 45 13 494 0 0 913 21 74 0 0 849 1373 327 0 2466 0 3074 3677
2003.ndump2:SAU 655 903 190 978 4 2335 2561 2748 51 281 931 369 148 2628 2 17 4257 327 402 0 8 2792 4318 1282 3 6892 41 6915 5917
2004.ndump2:SAU 557 909 111 710 1 1945 2300 2848 22 106 502 109 91 2045 0 3 2835 363 227 0 3 2187 3361 921 0 6455 12 6359 6353
2005.ndump2:SAU 854 1204 467 1130 16 3559 3707 4051 202 715 915 1037 591 3569 8 55 6577 781 1360 2 58 3250 6765 2794 18 11984 168 11089 9674
2006.ndump2:SAU 833 1227 360 1077 15 3451 3723 4184 141 427 860 798 379 3330 5 40 6451 705 858 1 61 3146 6407 2750 15 12211 165 11217 10171
2007.ndump2:SAU 651 1239 251 640 15 2536 3105 4455 80 249 395 438 215 1684 7 40 4042 270 706 0 36 1986 5550 1858 19 8782 179 10423 11490
2008.ndump2:SAU 755 1337 291 849 6 3685 3110 5038 80 269 652 959 224 3090 0 20 6024 373 984 0 12 1771 10727 1853 6 10779 81 9980 13931
2009.ndump2:SAU 674 1286 302 582 12 2905 3133 4704 125 211 300 646 310 1783 5 29 4149 473 908 1 31 1559 6691 2222 11 10039 155 10280 12450
2010.ndump2:SAU 486 676 232 499 9 1783 1621 1842 96 193 349 354 248 1468 0 20 2542 250 588 0 30 919 3278 1201 8 4324 79 3791 3533
