1.000000 0.949960 0.897887 0.813373 0.848392 0.855899 0.848610 0.847722 0.853718 0.857586 0.849524 0.859735 0.792306 0.775056 0.834697 0.788330 0.803937 0.676435 0.743134 0.744643 0.618482 0.750964 0.710493 0.697834 0.741540 0.321607 0.399962 0.195604 0.061787
0.949960 1.000000 0.953213 0.834412 0.873354 0.884115 0.884967 0.871148 0.884495 0.917949 0.890933 0.905396 0.880496 0.850956 0.920581 0.850037 0.862522 0.709190 0.799525 0.786069 0.758651 0.861247 0.814698 0.825700 0.879840 0.447833 0.537069 0.304218 0.150905
0.897887 0.953213 1.000000 0.887595 0.903630 0.910191 0.919397 0.914552 0.925173 0.926466 0.916499 0.935476 0.851677 0.826965 0.903798 0.825979 0.852440 0.681755 0.762883 0.763384 0.685664 0.795509 0.750972 0.772388 0.828144 0.378200 0.457221 0.240701 0.092678
0.813373 0.834412 0.887595 1.000000 0.950959 0.956328 0.972264 0.978414 0.982902 0.936818 0.951894 0.965994 0.793451 0.784067 0.868804 0.806406 0.823152 0.678882 0.740922 0.760387 0.541635 0.694775 0.678555 0.666783 0.617617 0.238494 0.307643 0.121376 0.000000
0.848392 0.873354 0.903630 0.950959 1.000000 0.997596 0.988786 0.990134 0.977389 0.980138 0.983848 0.985767 0.884156 0.886332 0.925573 0.922745 0.923378 0.837516 0.872548 0.904874 0.599627 0.777186 0.779206 0.723504 0.673572 0.283826 0.356206 0.159675 0.031128
0.855899 0.884115 0.910191 0.956328 0.997596 1.000000 0.989666 0.991209 0.983511 0.980194 0.982721 0.987735 0.879528 0.880495 0.932876 0.916622 0.919080 0.822174 0.860060 0.895878 0.603565 0.772366 0.775998 0.728454 0.685053 0.282586 0.361516 0.159027 0.029587
0.848610 0.884967 0.919397 0.972264 0.988786 0.989666 1.000000 0.993141 0.986912 0.984686 0.990966 0.993284 0.870579 0.870406 0.921471 0.890329 0.899289 0.774235 0.828557 0.853163 0.606976 0.770227 0.757054 0.734791 0.688926 0.295256 0.371752 0.175097 0.048916
0.847722 0.871148 0.914552 0.978414 0.990134 0.991209 0.993141 1.000000 0.993047 0.973016 0.981930 0.991377 0.854383 0.849876 0.910690 0.880608 0.887925 0.780292 0.824150 0.849382 0.584980 0.751938 0.738931 0.707007 0.663753 0.272930 0.345020 0.150480 0.023502
0.853718 0.884495 0.925173 0.982902 0.977389 0.983511 0.986912 0.993047 1.000000 0.966980 0.977179 0.989159 0.848992 0.843190 0.918490 0.862563 0.879860 0.742450 0.797112 0.823863 0.606507 0.749148 0.740004 0.728146 0.693131 0.291521 0.376015 0.172747 0.045126
0.857586 0.917949 0.926466 0.936818 0.980138 0.980194 0.984686 0.973016 0.966980 1.000000 0.986175 0.989621 0.928842 0.917154 0.963686 0.936095 0.936160 0.824138 0.886699 0.894104 0.691851 0.854790 0.833131 0.804429 0.755628 0.373305 0.445288 0.235845 0.094232
0.849524 0.890933 0.916499 0.951894 0.983848 0.982721 0.990966 0.981930 0.977179 0.986175 1.000000 0.985543 0.901609 0.905729 0.933156 0.909543 0.926805 0.793791 0.849184 0.872646 0.656159 0.805369 0.795037 0.776429 0.718918 0.356072 0.429479 0.237911 0.110559
0.859735 0.905396 0.935476 0.965994 0.985767 0.987735 0.993284 0.991377 0.989159 0.989621 0.985543 1.000000 0.887397 0.876743 0.941146 0.897896 0.904854 0.782585 0.841598 0.856313 0.644595 0.801256 0.780447 0.759998 0.727364 0.327283 0.402605 0.196476 0.059878
0.792306 0.880496 0.851677 0.793451 0.884156 0.879528 0.870579 0.854383 0.848992 0.928842 0.901609 0.887397 1.000000 0.987628 0.956614 0.967543 0.976469 0.863432 0.943105 0.921463 0.839147 0.961965 0.953326 0.923288 0.811211 0.563900 0.612484 0.422455 0.270202
0.775056 0.850956 0.826965 0.784067 0.886332 0.880495 0.870406 0.849876 0.843190 0.917154 0.905729 0.876743 0.987628 1.000000 0.932552 0.962673 0.986739 0.853040 0.925329 0.926927 0.800873 0.919840 0.932465 0.904908 0.769858 0.542610 0.593449 0.424763 0.290385
0.834697 0.920581 0.903798 0.868804 0.925573 0.932876 0.921471 0.910690 0.918490 0.963686 0.933156 0.941146 0.956614 0.932552 1.000000 0.952385 0.942290 0.839430 0.909284 0.904911 0.791539 0.903589 0.909161 0.885228 0.832205 0.456961 0.556836 0.316303 0.161615
0.788330 0.850037 0.825979 0.806406 0.922745 0.916622 0.890329 0.880608 0.862563 0.936095 0.909543 0.897896 0.967543 0.962673 0.952385 1.000000 0.975058 0.941617 0.981407 0.985149 0.725679 0.894520 0.922439 0.829367 0.729490 0.407790 0.478364 0.269321 0.125287
0.803937 0.862522 0.852440 0.823152 0.923378 0.919080 0.899289 0.887925 0.879860 0.936160 0.926805 0.904854 0.976469 0.986739 0.942290 0.975058 1.000000 0.876595 0.934325 0.952953 0.735696 0.887648 0.905185 0.853935 0.739614 0.447405 0.497611 0.316054 0.174348
0.676435 0.709190 0.681755 0.678882 0.837516 0.822174 0.774235 0.780292 0.742450 0.824138 0.793791 0.782585 0.863432 0.853040 0.839430 0.941617 0.876595 1.000000 0.974984 0.968703 0.581922 0.795349 0.822495 0.665610 0.572793 0.280973 0.332048 0.145635 0.016108
0.743134 0.799525 0.762883 0.740922 0.872548 0.860060 0.828557 0.824150 0.797112 0.886699 0.849184 0.841598 0.943105 0.925329 0.909284 0.981407 0.934325 0.974984 1.000000 0.976160 0.703170 0.895558 0.910369 0.786692 0.684763 0.395129 0.448231 0.247402 0.101777
0.744643 0.786069 0.763384 0.760387 0.904874 0.895878 0.853163 0.849382 0.823863 0.894104 0.872646 0.856313 0.921463 0.926927 0.904911 0.985149 0.952953 0.968703 0.976160 1.000000 0.633481 0.827534 0.871689 0.744004 0.642405 0.319861 0.384032 0.187154 0.052465
0.618482 0.758651 0.685664 0.541635 0.599627 0.603565 0.606976 0.584980 0.606507 0.691851 0.656159 0.644595 0.839147 0.800873 0.791539 0.725679 0.735696 0.581922 0.703170 0.633481 1.000000 0.910916 0.902789 0.956022 0.897236 0.852615 0.923455 0.758312 0.626804
0.750964 0.861247 0.795509 0.694775 0.777186 0.772366 0.770227 0.751938 0.749148 0.854790 0.805369 0.801256 0.961965 0.919840 0.903589 0.894520 0.887648 0.795349 0.895558 0.827534 0.910916 1.000000 0.951016 0.932929 0.847479 0.678278 0.703941 0.521464 0.359100
0.710493 0.814698 0.750972 0.678555 0.779206 0.775998 0.757054 0.738931 0.740004 0.833131 0.795037 0.780447 0.953326 0.932465 0.909161 0.922439 0.905185 0.822495 0.910369 0.871689 0.902789 0.951016 1.000000 0.941345 0.831171 0.637358 0.725349 0.516258 0.373283
0.697834 0.825700 0.772388 0.666783 0.723504 0.728454 0.734791 0.707007 0.728146 0.804429 0.776429 0.759998 0.923288 0.904908 0.885228 0.829367 0.853935 0.665610 0.786692 0.744004 0.956022 0.932929 0.941345 1.000000 0.888666 0.726179 0.824239 0.625201 0.489598
0.741540 0.879840 0.828144 0.617617 0.673572 0.685053 0.688926 0.663753 0.693131 0.755628 0.718918 0.727364 0.811211 0.769858 0.832205 0.729490 0.739614 0.572793 0.684763 0.642405 0.897236 0.847479 0.831171 0.888666 1.000000 0.635626 0.771673 0.518345 0.369035
0.321607 0.447833 0.378200 0.238494 0.283826 0.282586 0.295256 0.272930 0.291521 0.373305 0.356072 0.327283 0.563900 0.542610 0.456961 0.407790 0.447405 0.280973 0.395129 0.319861 0.852615 0.678278 0.637358 0.726179 0.635626 1.000000 0.901810 0.963436 0.882952
0.399962 0.537069 0.457221 0.307643 0.356206 0.361516 0.371752 0.345020 0.376015 0.445288 0.429479 0.402605 0.612484 0.593449 0.556836 0.478364 0.497611 0.332048 0.448231 0.384032 0.923455 0.703941 0.725349 0.824239 0.771673 0.901810 1.000000 0.895753 0.829570
0.195604 0.304218 0.240701 0.121376 0.159675 0.159027 0.175097 0.150480 0.172747 0.235845 0.237911 0.196476 0.422455 0.424763 0.316303 0.269321 0.316054 0.145635 0.247402 0.187154 0.758312 0.521464 0.516258 0.625201 0.518345 0.963436 0.895753 1.000000 0.975114
0.061787 0.150905 0.092678 0.000000 0.031128 0.029587 0.048916 0.023502 0.045126 0.094232 0.110559 0.059878 0.270202 0.290385 0.161615 0.125287 0.174348 0.016108 0.101777 0.052465 0.626804 0.359100 0.373283 0.489598 0.369035 0.882952 0.829570 0.975114 1.000000
