1.000000 0.739677 0.919795 0.861717 0.862150 0.875309 0.911688 0.778148 0.709421 0.683471 0.635179 0.377191 0.592184 0.663318 0.707728 0.644263 0.590131 0.459749 0.235534 0.262973 0.340125 0.548497 0.468367 0.484401 0.405714 0.392253 0.589525 0.417169 0.488095
0.739677 1.000000 0.780015 0.514988 0.838579 0.740035 0.794167 0.595194 0.791952 0.672038 0.806705 0.563159 0.643954 0.609410 0.646188 0.610215 0.692876 0.596194 0.335519 0.206836 0.251605 0.460869 0.445411 0.465467 0.352753 0.456950 0.447861 0.261501 0.334829
0.919795 0.780015 1.000000 0.855865 0.769547 0.711086 0.873048 0.689763 0.627993 0.611803 0.573450 0.296412 0.493808 0.488845 0.560210 0.530717 0.462880 0.336861 0.054312 0.041524 0.125609 0.368986 0.282912 0.335214 0.204301 0.235232 0.410746 0.220763 0.303746
0.861717 0.514988 0.855865 1.000000 0.581848 0.565627 0.766534 0.718637 0.433558 0.407324 0.444154 0.168275 0.395785 0.387771 0.486208 0.456950 0.348744 0.223666 0.000000 0.100454 0.186657 0.350607 0.259525 0.319417 0.232085 0.193391 0.443157 0.283629 0.354562
0.862150 0.838579 0.769547 0.581848 1.000000 0.956407 0.937007 0.814376 0.949085 0.909250 0.835889 0.695433 0.844698 0.898595 0.910445 0.867723 0.854351 0.780502 0.608597 0.541817 0.592754 0.785372 0.746853 0.745229 0.665416 0.707501 0.743888 0.603848 0.661526
0.875309 0.740035 0.711086 0.565627 0.956407 1.000000 0.864174 0.756603 0.847700 0.798348 0.727958 0.564851 0.737102 0.884669 0.858269 0.772865 0.781944 0.666858 0.497727 0.472017 0.524360 0.727459 0.682148 0.652650 0.592418 0.602312 0.688617 0.543812 0.601680
0.911688 0.794167 0.873048 0.766534 0.937007 0.864174 1.000000 0.867166 0.876578 0.871924 0.793982 0.635890 0.796605 0.795977 0.850529 0.830220 0.771671 0.699763 0.501131 0.489950 0.545688 0.722964 0.673583 0.702996 0.609929 0.640715 0.708879 0.566837 0.628438
0.778148 0.595194 0.689763 0.718637 0.814376 0.756603 0.867166 1.000000 0.818105 0.744053 0.737114 0.613298 0.874117 0.834037 0.913718 0.908680 0.777705 0.726948 0.601068 0.696263 0.775902 0.873787 0.819326 0.862824 0.804142 0.750222 0.904730 0.826273 0.872521
0.709421 0.791952 0.627993 0.433558 0.949085 0.847700 0.876578 0.818105 1.000000 0.927027 0.886846 0.816583 0.944663 0.905147 0.942518 0.940002 0.909477 0.904387 0.773756 0.674535 0.716285 0.857374 0.845747 0.862118 0.784724 0.843538 0.806109 0.698711 0.745495
0.683471 0.672038 0.611803 0.407324 0.909250 0.798348 0.871924 0.744053 0.927027 1.000000 0.726921 0.711438 0.843016 0.840629 0.874665 0.892703 0.780364 0.780422 0.684074 0.593351 0.638489 0.805123 0.755396 0.774192 0.694295 0.747671 0.727468 0.642456 0.678980
0.635179 0.806705 0.573450 0.444154 0.835889 0.727958 0.793982 0.737114 0.886846 0.726921 1.000000 0.889288 0.872969 0.783750 0.825283 0.806275 0.932001 0.909757 0.733223 0.600874 0.610693 0.713813 0.754631 0.771087 0.695297 0.810654 0.661890 0.529500 0.581331
0.377191 0.563159 0.296412 0.168275 0.695433 0.564851 0.635890 0.613298 0.816583 0.711438 0.889288 1.000000 0.867227 0.760285 0.779785 0.792912 0.917391 0.947058 0.876318 0.724557 0.698478 0.741603 0.813475 0.812306 0.764002 0.908814 0.602599 0.551910 0.570224
0.592184 0.643954 0.493808 0.395785 0.844698 0.737102 0.796605 0.874117 0.944663 0.843016 0.872969 0.867227 1.000000 0.905614 0.956619 0.971175 0.929020 0.951689 0.872519 0.825365 0.860630 0.926942 0.940780 0.968012 0.908264 0.942729 0.871156 0.815222 0.848680
0.663318 0.609410 0.488845 0.387771 0.898595 0.884669 0.795977 0.834037 0.905147 0.840629 0.783750 0.760285 0.905614 1.000000 0.974407 0.926147 0.917400 0.858874 0.778997 0.774366 0.809387 0.935317 0.921186 0.890902 0.851600 0.857599 0.845159 0.778825 0.810793
0.707728 0.646188 0.560210 0.486208 0.910445 0.858269 0.850529 0.913718 0.942518 0.874665 0.825283 0.779785 0.956619 0.974407 1.000000 0.980408 0.915513 0.885182 0.798891 0.800166 0.852284 0.965702 0.936311 0.938276 0.893377 0.888093 0.922038 0.852210 0.886816
0.644263 0.610215 0.530717 0.456950 0.867723 0.772865 0.830220 0.908680 0.940002 0.892703 0.806275 0.792912 0.971175 0.926147 0.980408 1.000000 0.882720 0.890305 0.822809 0.805522 0.862119 0.963743 0.927917 0.956605 0.898746 0.903608 0.922547 0.870473 0.900734
0.590131 0.692876 0.462880 0.348744 0.854351 0.781944 0.771671 0.777705 0.909477 0.780364 0.932001 0.917391 0.929020 0.917400 0.915513 0.882720 1.000000 0.959838 0.854972 0.788974 0.784920 0.853266 0.908218 0.887393 0.844417 0.922042 0.754841 0.670196 0.707014
0.459749 0.596194 0.336861 0.223666 0.780502 0.666858 0.699763 0.726948 0.904387 0.780422 0.909757 0.947058 0.951689 0.858874 0.885182 0.890305 0.959838 1.000000 0.931045 0.819814 0.810957 0.846718 0.913173 0.916773 0.870048 0.962286 0.746619 0.682064 0.711324
0.235534 0.335519 0.054312 0.000000 0.608597 0.497727 0.501131 0.601068 0.773756 0.684074 0.733223 0.876318 0.872519 0.778997 0.798891 0.822809 0.854972 0.931045 1.000000 0.915200 0.886280 0.834415 0.921387 0.906334 0.915804 0.971003 0.717602 0.720221 0.720344
0.262973 0.206836 0.041524 0.100454 0.541817 0.472017 0.489950 0.696263 0.674535 0.593351 0.600874 0.724557 0.825365 0.774366 0.800166 0.805522 0.788974 0.819814 0.915200 1.000000 0.982407 0.876874 0.952815 0.926796 0.976754 0.936102 0.801687 0.832580 0.826470
0.340125 0.251605 0.125609 0.186657 0.592754 0.524360 0.545688 0.775902 0.716285 0.638489 0.610693 0.698478 0.860630 0.809387 0.852284 0.862119 0.784920 0.810957 0.886280 0.982407 1.000000 0.932567 0.963322 0.952921 0.992605 0.927865 0.890778 0.921013 0.916822
0.548497 0.460869 0.368986 0.350607 0.785372 0.727459 0.722964 0.873787 0.857374 0.805123 0.713813 0.741603 0.926942 0.935317 0.965702 0.963743 0.853266 0.846718 0.834415 0.876874 0.932567 1.000000 0.961586 0.959772 0.947744 0.908650 0.951060 0.942085 0.952454
0.468367 0.445411 0.282912 0.259525 0.746853 0.682148 0.673583 0.819326 0.845747 0.755396 0.754631 0.813475 0.940780 0.921186 0.936311 0.927917 0.908218 0.913173 0.921387 0.952815 0.963322 0.961586 1.000000 0.982805 0.982782 0.970259 0.882386 0.869478 0.882730
0.484401 0.465467 0.335214 0.319417 0.745229 0.652650 0.702996 0.862824 0.862118 0.774192 0.771087 0.812306 0.968012 0.890902 0.938276 0.956605 0.887393 0.916773 0.906334 0.926796 0.952921 0.959772 0.982805 1.000000 0.974046 0.966100 0.901878 0.885763 0.904750
0.405714 0.352753 0.204301 0.232085 0.665416 0.592418 0.609929 0.804142 0.784724 0.694295 0.695297 0.764002 0.908264 0.851600 0.893377 0.898746 0.844417 0.870048 0.915804 0.976754 0.992605 0.947744 0.982782 0.974046 1.000000 0.957843 0.903215 0.910032 0.913852
0.392253 0.456950 0.235232 0.193391 0.707501 0.602312 0.640715 0.750222 0.843538 0.747671 0.810654 0.908814 0.942729 0.857599 0.888093 0.903608 0.922042 0.962286 0.971003 0.936102 0.927865 0.908650 0.970259 0.966100 0.957843 1.000000 0.812344 0.799791 0.809670
0.589525 0.447861 0.410746 0.443157 0.743888 0.688617 0.708879 0.904730 0.806109 0.727468 0.661890 0.602599 0.871156 0.845159 0.922038 0.922547 0.754841 0.746619 0.717602 0.801687 0.890778 0.951060 0.882386 0.901878 0.903215 0.812344 1.000000 0.966582 0.985214
0.417169 0.261501 0.220763 0.283629 0.603848 0.543812 0.566837 0.826273 0.698711 0.642456 0.529500 0.551910 0.815222 0.778825 0.852210 0.870473 0.670196 0.682064 0.720221 0.832580 0.921013 0.942085 0.869478 0.885763 0.910032 0.799791 0.966582 1.000000 0.993872
0.488095 0.334829 0.303746 0.354562 0.661526 0.601680 0.628438 0.872521 0.745495 0.678980 0.581331 0.570224 0.848680 0.810793 0.886816 0.900734 0.707014 0.711324 0.720344 0.826470 0.916822 0.952454 0.882730 0.904750 0.913852 0.809670 0.985214 0.993872 1.000000
