1.000000 0.669084 0.831641 0.555393 0.156813 0.272180 0.289133 0.352406 0.058475 0.017401 0.033108 0.030943 0.004627 0.096536 0.111915 0.067267 0.179878 0.168514 0.000005 0.000000 0.000000 0.000449 0.000545 0.040983 0.014363 0.012898 0.018772 0.005720 0.005811
0.669084 1.000000 0.874003 0.852409 0.666992 0.772892 0.677599 0.680422 0.327362 0.254858 0.278130 0.350781 0.150460 0.489898 0.449743 0.367949 0.572897 0.557686 0.055018 0.056047 0.055864 0.090617 0.091664 0.258880 0.228520 0.185663 0.209055 0.176338 0.153640
0.831641 0.874003 1.000000 0.870353 0.390092 0.598793 0.606660 0.660319 0.263338 0.142168 0.186805 0.179700 0.078398 0.336863 0.365858 0.265596 0.494239 0.479900 0.028933 0.023729 0.022139 0.047759 0.050486 0.212678 0.134708 0.127951 0.152635 0.094209 0.092740
0.555393 0.852409 0.870353 1.000000 0.553701 0.824011 0.884653 0.919750 0.549381 0.389151 0.480860 0.392789 0.290823 0.633717 0.694529 0.589324 0.799489 0.716158 0.136407 0.136519 0.118945 0.211713 0.202937 0.429275 0.329118 0.338420 0.406830 0.289036 0.300666
0.156813 0.666992 0.390092 0.553701 1.000000 0.872160 0.596062 0.523458 0.477830 0.546855 0.441485 0.795787 0.338827 0.741194 0.543798 0.484539 0.633510 0.634641 0.190218 0.237035 0.241864 0.276537 0.277046 0.399520 0.534570 0.375187 0.379277 0.473050 0.356445
0.272180 0.772892 0.598793 0.824011 0.872160 1.000000 0.863199 0.807882 0.702759 0.658953 0.634440 0.761386 0.471102 0.883287 0.794675 0.695572 0.891998 0.858666 0.298064 0.323850 0.310650 0.402137 0.402210 0.594183 0.622965 0.538550 0.574758 0.565291 0.500826
0.289133 0.677599 0.606660 0.884653 0.596062 0.863199 1.000000 0.909525 0.688806 0.631649 0.739282 0.551688 0.556586 0.801927 0.883822 0.800246 0.899991 0.760280 0.246566 0.266970 0.214270 0.391510 0.348444 0.508878 0.450597 0.467216 0.586786 0.456296 0.467899
0.352406 0.680422 0.660319 0.919750 0.523458 0.807882 0.909525 1.000000 0.734753 0.552046 0.686109 0.482582 0.470833 0.764037 0.861203 0.792445 0.900863 0.735051 0.230888 0.269092 0.230156 0.381685 0.348715 0.550519 0.444269 0.500885 0.612828 0.443283 0.491516
0.058475 0.327362 0.263338 0.549381 0.477830 0.702759 0.688806 0.734753 1.000000 0.807863 0.840281 0.688347 0.695420 0.881712 0.906800 0.840408 0.901143 0.787312 0.639265 0.733052 0.672349 0.827425 0.819870 0.863267 0.821394 0.910146 0.967434 0.853291 0.906061
0.017401 0.254858 0.142168 0.389151 0.546855 0.658953 0.631649 0.552046 0.807863 1.000000 0.917558 0.857978 0.921522 0.907494 0.842579 0.808917 0.749331 0.591997 0.489929 0.716803 0.611625 0.826004 0.720007 0.589584 0.744337 0.718691 0.841410 0.890685 0.825602
0.033108 0.278130 0.186805 0.480860 0.441485 0.634440 0.739282 0.686109 0.840281 0.917558 1.000000 0.673334 0.934966 0.868460 0.936907 0.945653 0.812712 0.598592 0.449659 0.619224 0.503096 0.779370 0.663004 0.585957 0.623438 0.696750 0.866650 0.759984 0.802665
0.030943 0.350781 0.179700 0.392789 0.795787 0.761386 0.551688 0.482582 0.688347 0.857978 0.673334 1.000000 0.633512 0.890027 0.682385 0.626318 0.688418 0.624450 0.406681 0.574248 0.546091 0.614666 0.582275 0.560247 0.792647 0.628892 0.655469 0.827279 0.664964
0.004627 0.150460 0.078398 0.290823 0.338827 0.471102 0.556586 0.470833 0.695420 0.921522 0.934966 0.633512 1.000000 0.746083 0.781945 0.788577 0.620483 0.426110 0.393280 0.634965 0.485157 0.791728 0.624987 0.440348 0.541119 0.589268 0.776442 0.740578 0.745866
0.096536 0.489898 0.336863 0.633717 0.741194 0.883287 0.801927 0.764037 0.881712 0.907494 0.868460 0.890027 0.746083 1.000000 0.922860 0.868594 0.920821 0.795994 0.470560 0.596615 0.548219 0.694094 0.655275 0.705287 0.793753 0.750189 0.823735 0.829096 0.776346
0.111915 0.449743 0.365858 0.694529 0.543798 0.794675 0.883822 0.861203 0.906800 0.842579 0.936907 0.682385 0.781945 0.922860 1.000000 0.947581 0.955935 0.776889 0.455816 0.536594 0.455517 0.686091 0.625603 0.695342 0.661576 0.724715 0.862037 0.716939 0.754066
0.067267 0.367949 0.265596 0.589324 0.484539 0.695572 0.800246 0.792445 0.840408 0.808917 0.945653 0.626318 0.788577 0.868594 0.947581 1.000000 0.867050 0.651787 0.403379 0.522084 0.444214 0.663574 0.588126 0.607064 0.595989 0.678556 0.815006 0.676358 0.749046
0.179878 0.572897 0.494239 0.799489 0.633510 0.891998 0.899991 0.900863 0.901143 0.749331 0.812712 0.688418 0.620483 0.920821 0.955935 0.867050 1.000000 0.899372 0.458856 0.475240 0.436742 0.592724 0.588412 0.762645 0.699393 0.728695 0.801081 0.676303 0.691681
0.168514 0.557686 0.479900 0.716158 0.634641 0.858666 0.760280 0.735051 0.787312 0.591997 0.598592 0.624450 0.426110 0.795994 0.776889 0.651787 0.899372 1.000000 0.518316 0.386856 0.396823 0.465657 0.540963 0.817639 0.722596 0.690482 0.656908 0.581240 0.559967
0.000005 0.055018 0.028933 0.136407 0.190218 0.298064 0.246566 0.230888 0.639265 0.489929 0.449659 0.406681 0.393280 0.470560 0.455816 0.403379 0.458856 0.518316 1.000000 0.663558 0.759929 0.661489 0.877652 0.819529 0.785806 0.846452 0.671535 0.645427 0.662623
0.000000 0.056047 0.023729 0.136519 0.237035 0.323850 0.266970 0.269092 0.733052 0.716803 0.619224 0.574248 0.634965 0.596615 0.536594 0.522084 0.475240 0.386856 0.663558 1.000000 0.910042 0.952383 0.914286 0.618954 0.752916 0.821938 0.826978 0.909995 0.927396
0.000000 0.055864 0.022139 0.118945 0.241864 0.310650 0.214270 0.230156 0.672349 0.611625 0.503096 0.546091 0.485157 0.548219 0.455517 0.444214 0.436742 0.396823 0.759929 0.910042 1.000000 0.816162 0.923672 0.683849 0.825777 0.861974 0.733179 0.844183 0.836114
0.000449 0.090617 0.047759 0.211713 0.276537 0.402137 0.391510 0.381685 0.827425 0.826004 0.779370 0.614666 0.791728 0.694094 0.686091 0.663574 0.592724 0.465657 0.661489 0.952383 0.816162 1.000000 0.914039 0.654801 0.745493 0.843490 0.925574 0.920147 0.962907
0.000545 0.091664 0.050486 0.202937 0.277046 0.402210 0.348444 0.348715 0.819870 0.720007 0.663004 0.582275 0.624987 0.655275 0.625603 0.588126 0.588412 0.540963 0.877652 0.914286 0.923672 0.914039 1.000000 0.815373 0.867795 0.952843 0.883389 0.883918 0.913171
0.040983 0.258880 0.212678 0.429275 0.399520 0.594183 0.508878 0.550519 0.863267 0.589584 0.585957 0.560247 0.440348 0.705287 0.695342 0.607064 0.762645 0.817639 0.819529 0.618954 0.683849 0.654801 0.815373 1.000000 0.877933 0.928370 0.801145 0.717594 0.741420
0.014363 0.228520 0.134708 0.329118 0.534570 0.622965 0.450597 0.444269 0.821394 0.744337 0.623438 0.792647 0.541119 0.793753 0.661576 0.595989 0.699393 0.722596 0.785806 0.752916 0.825777 0.745493 0.867795 0.877933 1.000000 0.919751 0.795147 0.889630 0.810920
0.012898 0.185663 0.127951 0.338420 0.375187 0.538550 0.467216 0.500885 0.910146 0.718691 0.696750 0.628892 0.589268 0.750189 0.724715 0.678556 0.728695 0.690482 0.846452 0.821938 0.861974 0.843490 0.952843 0.928370 0.919751 1.000000 0.911875 0.867970 0.908181
0.018772 0.209055 0.152635 0.406830 0.379277 0.574758 0.586786 0.612828 0.967434 0.841410 0.866650 0.655469 0.776442 0.823735 0.862037 0.815006 0.801081 0.656908 0.671535 0.826978 0.733179 0.925574 0.883389 0.801145 0.795147 0.911875 1.000000 0.889491 0.955512
0.005720 0.176338 0.094209 0.289036 0.473050 0.565291 0.456296 0.443283 0.853291 0.890685 0.759984 0.827279 0.740578 0.829096 0.716939 0.676358 0.676303 0.581240 0.645427 0.909995 0.844183 0.920147 0.883918 0.717594 0.889630 0.867970 0.889491 1.000000 0.939874
0.005811 0.153640 0.092740 0.300666 0.356445 0.500826 0.467899 0.491516 0.906061 0.825602 0.802665 0.664964 0.745866 0.776346 0.754066 0.749046 0.691681 0.559967 0.662623 0.927396 0.836114 0.962907 0.913171 0.741420 0.810920 0.908181 0.955512 0.939874 1.000000
