344 329
344 311
344 320
344 345
344 355
344 342
344 343
344 366
344 373
344 435
344 360
345 27
345 340
345 349
345 332
346 339
346 338
346 334
346 363
346 347
346 366
346 375
346 257
347 339
347 356
347 317
347 271
347 366
347 496
347 348
347 349
347 360
340 391
340 353
340 341
340 394
341 339
341 257
341 342
342 323
342 337
342 343
343 323
343 328
343 318
348 440
348 352
348 366
348 367
348 293
349 336
349 338
349 350
298 317
298 267
298 296
298 297
298 257
298 287
299 300
299 303
299 257
299 395
299 296
299 297
299 294
299 293
299 287
299 291
296 291
296 295
296 303
296 293
296 245
296 547
296 252
296 297
296 294
296 484
296 292
296 257
296 275
297 319
297 484
297 324
297 300
297 304
297 303
297 317
297 284
297 391
297 287
297 295
297 375
297 257
297 360
297 427
294 262
294 382
294 295
294 287
295 322
295 328
295 292
295 257
292 300
292 303
292 278
292 293
292 291
293 303
293 288
293 266
293 281
293 287
290 278
290 328
290 303
290 257
290 291
291 386
291 300
291 317
291 391
291 265
291 282
291 287
199 173
199 198
199 213
198 146
198 197
198 203
198 204
195 213
195 210
195 194
195 196
195 191
195 190
195 193
195 189
195 173
195 257
195 96
194 200
194 213
194 197
194 190
194 193
194 244
194 168
194 278
197 200
197 213
197 196
197 190
197 238
197 110
196 200
196 203
196 213
196 207
196 211
196 375
196 191
196 190
196 222
196 278
196 236
196 189
196 173
196 257
196 204
191 213
191 190
191 193
191 192
191 189
190 213
190 211
190 261
190 267
190 253
190 189
190 257
193 173
192 200
192 213
192 217
192 159
192 407
192 385
270 267
270 271
270 268
270 273
270 276
271 360
271 272
271 267
271 275
271 269
271 287
272 268
273 262
273 276
273 278
273 268
273 257
274 257
274 275
275 266
275 278
275 257
275 287
276 281
276 267
276 277
276 278
276 280
276 283
277 278
277 263
277 257
277 287
278 213
278 391
278 253
278 257
278 281
278 328
278 282
278 285
278 284
278 287
278 262
278 266
278 264
278 269
278 268
278 283
278 378
278 439
278 279
279 339
279 262
279 283
279 257
279 286
524 525
524 526
524 527
524 536
524 523
525 458
525 213
525 392
525 110
525 257
525 27
525 526
525 527
525 522
525 523
525 528
525 304
525 463
525 484
525 11
525 519
525 536
525 532
525 513
525 517
525 516
526 527
526 338
526 543
527 537
527 515
527 463
527 536
527 553
527 547
527 474
527 530
527 5
527 484
527 528
527 529
527 517
527 516
520 521
520 547
520 523
521 518
521 519
521 543
521 547
521 523
521 517
521 516
522 11
522 447
522 519
522 378
522 168
522 547
522 523
522 513
522 490
522 516
523 519
523 27
523 516
523 518
523 561
523 453
523 536
523 484
523 517
523 493
528 535
528 547
528 529
529 51
529 537
529 532
529 530
529 538
529 257
529 547
449 496
449 453
449 455
449 435
449 446
448 461
448 453
448 447
448 484
448 490
443 442
443 453
443 455
443 445
443 444
443 428
443 404
443 436
443 437
443 422
442 441
442 466
442 547
442 508
442 434
441 434
441 484
441 440
441 400
440 447
440 455
440 439
447 512
447 445
447 410
447 436
447 268
447 490
446 451
446 434
446 445
445 444
445 488
445 484
445 419
445 517
444 11
444 468
444 453
444 455
444 471
444 437
444 435
108 109
108 107
108 110
109 111
109 110
109 107
102 103
102 104
103 61
103 461
103 96
101 27
101 107
101 104
106 110
106 98
106 92
106 154
106 107
107 153
107 454
107 104
107 132
107 130
107 498
107 136
107 135
107 82
107 83
107 80
107 95
107 3
107 404
107 547
107 146
107 99
107 98
107 168
107 72
107 59
107 93
107 224
107 97
107 96
107 38
107 15
107 57
107 470
107 110
104 27
104 105
104 115
104 74
104 124
104 110
104 96
105 51
105 111
105 64
39 38
39 42
39 41
38 27
38 37
38 12
38 66
38 79
33 27
33 32
33 30
33 51
33 34
33 79
33 28
32 31
32 28
31 27
31 30
31 29
31 34
31 79
30 51
30 45
30 28
30 29
30 35
30 34
37 27
37 213
37 36
37 95
37 58
36 27
36 28
36 45
36 35
36 64
36 93
35 12
35 45
34 27
34 42
34 51
34 41
34 110
34 28
438 11
438 437
438 439
439 469
439 436
439 437
436 435
436 469
436 415
436 547
436 412
436 437
436 484
436 257
436 352
437 451
437 432
437 427
437 431
434 146
434 466
434 424
434 428
434 390
434 547
434 400
434 432
434 433
434 431
435 391
435 395
432 483
432 427
432 431
433 338
433 400
430 429
430 113
430 427
430 431
431 455
431 429
431 484
431 427
339 338
338 335
338 337
338 336
338 391
338 364
338 547
338 395
338 400
338 328
335 334
335 328
335 336
334 336
334 333
334 350
334 328
334 364
334 360
337 336
337 391
337 328
337 358
336 331
336 391
336 355
336 328
336 329
331 328
331 330
330 328
330 329
330 332
333 328
333 385
333 332
332 328
332 363
6 11
6 8
6 9
6 5
6 7
99 159
99 98
99 95
99 96
98 95
98 110
98 97
98 96
91 213
91 62
91 88
91 89
91 90
91 92
90 60
90 93
90 86
93 189
93 15
93 213
93 547
93 94
93 88
93 110
93 82
93 80
93 92
93 95
93 96
92 52
92 12
92 58
92 84
92 63
92 564
92 51
92 3
92 94
92 27
92 88
92 89
92 168
92 81
92 95
92 80
92 79
92 85
95 159
95 311
95 88
95 89
95 498
95 499
95 67
95 80
95 87
95 493
95 27
95 48
95 28
95 555
95 5
95 547
95 469
95 74
95 484
95 94
95 96
95 58
95 51
95 536
94 147
94 27
94 80
97 110
97 96
97 213
96 146
96 154
96 303
96 114
96 111
96 110
96 265
96 189
96 213
559 560
559 11
559 422
559 490
559 558
558 555
558 561
558 557
558 564
558 547
555 11
555 27
555 561
555 557
555 556
555 553
555 378
555 547
555 484
555 493
557 300
557 556
557 561
551 547
551 553
551 550
550 11
550 561
550 552
550 547
550 549
553 11
553 150
553 27
553 560
553 561
553 45
553 552
553 3
553 2
553 547
553 394
553 257
553 110
552 458
552 547
552 110
238 213
238 248
238 245
238 239
238 229
238 227
238 235
238 236
238 237
238 257
238 233
239 154
239 206
239 236
239 213
239 455
239 243
239 244
239 240
239 246
239 267
239 241
239 229
239 242
239 247
239 250
239 189
239 173
239 257
239 232
239 233
234 236
234 242
234 257
234 233
235 245
235 236
235 213
235 229
236 248
236 213
236 247
236 455
236 231
236 214
236 229
236 242
236 227
236 250
236 237
236 220
236 257
236 233
237 257
237 229
231 12
231 213
231 261
231 27
231 229
231 227
231 223
231 188
231 232
231 233
232 303
232 261
232 241
232 257
233 213
233 228
233 242
233 257
1 560
1 3
1 2
1 257
146 200
146 155
146 154
146 211
146 134
146 153
146 133
146 132
146 117
146 111
146 110
146 135
146 178
146 82
146 139
146 138
146 119
146 257
146 213
146 27
146 86
146 484
146 183
146 3
146 147
146 145
146 142
146 143
146 148
146 149
146 120
146 121
146 123
146 168
146 164
146 167
146 224
146 483
146 79
146 163
146 136
147 152
147 143
147 159
147 148
147 149
147 27
147 168
147 110
147 164
147 176
147 328
147 79
147 154
144 151
144 145
144 143
144 124
144 110
144 154
145 150
145 155
145 141
145 245
145 123
145 111
145 135
145 168
145 160
142 143
143 133
143 116
140 458
140 139
140 111
141 124
148 151
148 154
148 149
148 76
149 153
149 150
149 116
149 168
133 132
133 3
133 130
133 111
133 110
133 135
133 134
133 79
132 124
131 224
131 130
131 111
131 139
131 135
130 121
130 123
130 135
130 129
498 189
498 512
498 490
498 547
498 484
498 519
498 494
498 499
498 112
498 511
498 507
498 496
498 497
498 500
498 493
499 208
499 454
499 472
499 3
499 547
499 511
499 500
499 493
135 139
135 211
135 137
135 181
135 168
135 136
135 134
135 366
135 129
135 111
135 138
135 547
135 110
129 27
129 116
129 124
129 128
494 11
494 493
494 495
494 496
494 497
494 491
494 516
495 496
495 484
495 493
496 458
496 110
496 497
496 490
496 493
496 367
496 504
496 502
496 500
496 463
496 168
496 265
496 488
496 2
496 484
496 511
496 510
496 513
496 512
496 517
496 516
497 414
497 392
497 512
497 515
497 493
490 484
490 512
490 488
490 419
490 463
490 479
490 392
490 547
490 489
490 394
490 268
490 513
490 492
490 493
491 488
491 493
492 484
492 493
493 458
493 454
493 218
493 391
493 257
493 27
493 48
493 3
493 2
493 327
493 502
493 363
493 369
493 77
493 168
493 489
493 488
493 484
493 79
493 472
493 536
493 470
493 471
493 476
493 511
493 370
493 513
493 512
493 515
493 516
24 27
24 20
24 21
24 22
24 23
24 19
24 57
24 16
24 566
24 3
24 12
24 547
24 154
24 14
25 26
25 12
25 7
26 27
26 463
26 79
27 458
27 549
27 213
27 309
27 19
27 390
27 67
27 253
27 80
27 257
27 20
27 23
27 79
27 160
27 42
27 28
27 29
27 3
27 46
27 5
27 547
27 544
27 188
27 189
27 427
27 301
27 561
27 74
27 378
27 222
27 58
27 11
27 13
27 12
27 15
27 14
27 16
27 18
27 56
27 51
27 536
27 516
20 14
20 21
20 67
21 12
21 15
21 23
21 19
21 16
23 3
28 74
28 223
28 51
28 29
28 168
28 110
28 111
28 41
28 79
407 453
407 406
407 411
407 401
407 408
407 385
406 398
406 412
406 415
406 379
406 392
406 405
406 404
406 403
406 395
406 400
406 484
406 419
406 427
406 408
405 400
405 404
405 392
404 3
404 402
404 419
404 409
404 427
403 484
403 398
403 257
402 416
402 463
402 401
401 463
401 392
401 395
401 164
401 547
401 396
400 468
400 399
400 392
400 328
400 390
400 395
400 176
400 408
400 398
409 455
409 417
409 410
409 427
409 408
408 451
408 413
408 378
408 411
408 392
408 484
379 468
379 381
379 467
379 455
379 380
379 378
379 391
379 390
379 387
378 318
378 164
378 391
378 390
378 397
378 395
378 257
378 381
378 323
378 320
378 366
378 410
378 364
378 365
378 362
378 363
378 360
378 469
378 468
378 380
378 371
378 386
378 358
378 388
378 484
378 483
378 12
378 262
378 258
378 415
378 355
378 353
378 427
378 413
378 511
378 373
378 372
378 375
378 377
378 368
371 422
371 455
371 380
371 370
371 366
371 367
371 372
371 375
371 257
370 369
373 372
373 368
373 367
372 366
375 455
375 391
375 306
375 284
375 257
375 547
375 368
375 369
375 364
375 502
375 419
375 377
375 376
374 11
374 355
374 391
374 377
377 418
377 386
377 366
376 388
376 328
376 326
393 392
393 391
393 394
392 455
392 391
392 397
392 396
392 395
392 394
392 399
392 424
392 427
392 468
392 463
392 484
392 415
392 410
392 475
392 419
391 164
391 504
391 488
391 317
391 390
391 64
391 395
391 257
391 368
391 366
391 364
391 422
391 360
391 300
391 303
391 381
391 382
391 12
391 386
391 387
391 388
391 268
391 283
391 262
391 355
391 353
391 352
391 351
391 252
391 358
89 54
89 88
89 87
89 85
397 390
397 396
397 395
397 507
397 398
397 419
396 484
396 395
395 213
395 455
395 66
395 394
395 257
395 468
395 543
395 324
395 328
395 463
395 484
395 483
395 478
394 459
394 208
394 461
394 455
394 547
394 412
394 533
394 484
82 40
82 83
82 80
82 81
82 86
82 255
83 80
83 85
80 81
80 88
80 120
80 111
80 168
80 87
80 79
80 85
81 458
81 71
81 79
86 60
87 12
87 88
87 85
84 47
84 466
84 85
84 67
85 55
85 54
85 88
85 69
7 11
7 10
7 5
7 8
245 213
245 244
245 246
245 547
245 249
244 243
247 257
247 241
247 250
247 248
246 12
246 255
241 248
241 229
241 242
241 257
241 240
240 243
240 242
243 45
243 565
243 242
243 257
242 261
242 248
249 253
249 257
248 213
248 173
248 180
248 261
248 252
248 250
248 189
248 256
248 257
519 458
519 11
519 532
519 546
519 513
519 479
519 547
519 517
518 536
518 517
511 512
511 501
511 515
511 53
511 532
511 531
511 510
511 504
511 484
511 502
511 513
511 516
510 502
510 470
513 12
513 515
513 484
513 514
513 168
513 547
513 512
513 517
513 516
512 516
512 547
512 502
512 111
512 515
512 517
515 11
515 516
515 547
515 514
514 516
517 536
517 486
517 419
517 516
516 213
516 315
516 164
516 113
516 5
516 547
516 507
516 488
516 487
516 484
516 483
516 79
516 17
516 536
516 477
516 479
458 459
458 455
458 457
458 484
458 5
458 469
458 468
458 467
458 461
458 460
458 463
458 462
458 483
458 482
458 11
458 471
458 476
459 469
459 468
459 460
459 463
459 484
459 257
451 452
451 453
451 455
452 453
452 455
452 456
452 187
452 484
453 304
453 454
453 455
453 218
453 411
453 469
453 328
453 257
454 455
454 472
455 456
455 457
455 390
455 398
455 257
455 429
455 421
455 188
455 425
455 284
455 426
455 308
455 317
455 460
455 463
455 381
455 388
455 363
455 415
455 417
455 287
455 419
455 427
456 463
457 473
457 463
179 180
179 189
178 177
178 189
178 173
178 213
177 175
177 205
177 257
176 184
176 183
176 539
176 508
176 175
176 174
176 173
176 188
176 79
175 173
174 188
174 173
174 170
173 213
173 257
173 170
173 172
173 182
173 183
173 180
173 181
173 187
173 184
173 185
173 328
173 189
173 202
173 250
173 204
173 209
173 261
173 168
173 169
173 224
173 188
172 189
172 168
172 257
172 211
171 168
171 170
170 169
182 181
182 189
182 185
183 267
183 184
183 189
183 257
180 189
181 204
186 153
186 189
186 213
186 187
186 185
187 188
184 208
184 64
184 185
185 188
185 189
185 364
188 189
189 150
189 152
189 213
189 257
189 261
189 168
189 51
189 111
189 110
11 213
11 257
11 3
11 5
11 547
11 9
11 8
11 500
11 561
11 564
11 565
11 567
11 488
11 484
11 482
11 10
11 12
11 15
11 14
11 16
11 536
11 427
10 9
10 5
13 14
13 17
13 16
13 45
13 53
13 12
12 390
12 110
12 45
12 328
12 14
12 17
12 16
12 116
15 14
15 16
17 213
17 16
17 18
17 9
19 18
19 213
18 547
322 309
322 329
322 317
322 323
322 261
322 321
322 281
322 328
323 318
323 324
323 356
323 300
323 301
323 311
323 325
323 304
323 316
323 320
323 321
323 366
323 328
323 484
320 319
320 321
321 328
326 327
326 324
326 325
326 328
326 361
326 257
326 287
327 328
327 257
324 325
324 328
324 287
325 484
325 257
328 213
328 317
328 257
328 312
328 329
328 302
328 305
328 463
328 386
328 269
328 476
329 360
201 202
201 204
200 213
200 210
200 211
200 267
203 204
203 213
205 204
205 207
205 113
205 211
204 207
204 211
204 213
207 209
207 208
207 213
206 51
209 210
209 219
208 210
208 305
77 76
77 62
77 383
77 66
77 67
77 79
77 78
76 69
76 73
74 79
74 68
74 78
73 64
73 51
73 79
72 70
71 252
71 127
70 547
79 64
79 65
79 66
79 67
79 68
79 46
79 3
79 5
79 547
79 463
79 69
79 78
79 54
79 57
79 52
79 111
78 151
78 257
542 543
542 538
542 257
542 567
543 544
543 536
543 546
543 547
543 545
543 484
543 538
540 541
540 536
540 484
540 61
540 545
541 536
541 534
541 533
546 536
546 547
546 545
546 479
547 544
547 153
547 110
547 257
547 213
547 42
547 3
547 545
547 5
547 504
547 549
547 427
547 469
547 560
547 461
547 426
547 564
547 565
547 566
547 561
547 168
547 463
547 488
547 484
547 65
547 479
547 537
547 536
547 354
547 533
547 532
547 531
547 539
547 538
544 545
545 536
545 530
8 9
8 5
549 466
68 55
68 51
68 52
68 64
68 69
120 121
120 111
121 164
122 124
122 123
122 111
122 110
123 116
123 111
123 125
123 127
123 139
123 118
123 110
124 217
124 159
124 110
124 127
124 257
124 125
125 116
125 114
125 126
125 111
127 128
127 110
127 252
2 3
2 117
2 484
2 257
414 281
414 536
414 413
414 415
415 469
415 468
415 416
415 417
415 413
415 398
415 418
415 419
417 427
417 421
417 418
417 419
417 358
410 418
410 419
411 385
411 412
411 413
412 413
137 139
137 138
137 136
418 386
418 419
419 469
419 427
419 421
419 420
419 283
419 479
419 424
419 426
319 318
319 154
319 311
319 310
319 317
319 213
318 317
313 312
313 307
313 314
312 304
312 311
312 317
312 314
311 310
311 304
311 314
311 317
310 309
310 315
317 314
317 257
317 366
317 309
317 303
317 305
317 316
317 380
317 488
317 307
316 304
316 360
316 315
315 309
315 304
315 314
315 382
139 168
139 111
139 138
139 427
138 154
3 213
3 110
3 48
3 484
3 5
3 4
3 468
3 303
3 566
3 262
3 470
368 369
368 366
366 259
366 257
366 367
366 364
366 365
366 363
366 360
366 309
366 469
366 381
366 283
366 356
366 355
366 352
366 358
364 213
364 355
364 365
364 363
364 360
362 363
362 360
363 355
363 468
363 356
363 361
363 358
363 257
363 360
360 213
360 266
360 386
360 354
360 358
360 257
360 359
360 361
361 488
380 381
380 260
380 386
381 382
381 383
381 390
381 385
381 386
381 389
382 390
383 390
383 384
383 387
383 388
384 388
385 390
385 386
386 468
386 387
387 262
387 390
387 388
388 390
388 423
388 257
389 390
60 57
60 61
61 64
258 260
258 261
258 259
258 267
258 266
258 265
258 257
259 261
259 265
259 287
64 63
64 55
64 54
64 51
64 62
64 52
64 536
64 65
64 66
65 62
65 66
66 67
252 253
252 250
69 45
250 257
250 251
250 256
250 254
250 255
251 213
256 255
256 257
257 215
257 213
257 211
257 219
257 281
257 287
257 261
257 260
257 266
257 537
257 536
257 421
257 300
257 303
257 253
257 254
257 255
257 469
257 465
257 567
257 168
257 229
257 228
257 227
257 224
257 390
257 111
257 151
257 154
257 5
257 484
257 356
257 352
257 267
254 253
254 255
509 501
507 502
504 502
505 461
505 501
502 501
502 168
502 110
502 484
500 469
500 40
500 501
501 484
469 483
469 468
469 300
469 466
469 461
469 460
469 463
469 462
469 566
469 484
469 470
469 287
469 479
468 213
468 470
468 467
468 461
468 463
468 462
468 465
468 483
465 467
465 466
465 463
467 466
466 463
466 390
461 460
461 463
461 462
461 479
461 5
460 463
460 462
463 462
463 262
463 484
463 483
463 473
463 474
463 475
462 484
462 481
168 153
168 152
168 154
168 110
168 118
168 167
168 484
168 169
168 164
168 165
168 166
168 162
168 163
168 161
169 162
164 153
164 154
164 165
164 166
164 224
164 163
165 167
165 221
166 153
166 167
167 162
167 163
160 158
160 163
161 154
161 162
161 157
161 156
162 163
163 154
163 159
163 51
163 110
163 111
357 356
357 358
357 484
357 354
355 282
355 262
355 562
355 51
355 353
355 351
355 350
355 267
355 268
355 358
354 352
353 262
353 300
353 281
353 358
352 351
351 350
359 358
358 307
358 425
216 215
217 224
217 213
217 218
214 224
214 215
214 213
215 213
215 219
215 224
215 223
212 213
212 211
213 154
213 211
213 150
213 210
213 484
213 5
213 281
213 280
213 561
213 303
213 564
213 224
213 223
213 221
213 263
213 220
213 110
213 536
213 111
213 219
210 211
211 267
211 224
218 219
218 224
219 222
219 220
289 281
289 280
289 284
289 287
288 266
4 5
281 300
281 303
281 265
281 62
281 390
281 280
281 283
281 284
281 287
280 262
280 110
283 282
283 287
285 284
285 287
285 286
284 287
287 303
287 262
287 483
263 262
263 260
263 265
262 110
262 300
262 303
262 261
262 267
262 266
262 265
262 264
262 484
261 260
260 267
260 266
267 303
267 51
267 265
267 269
267 268
267 266
265 154
265 303
265 264
269 268
59 56
59 58
58 51
58 54
58 110
55 56
55 54
55 45
55 51
55 52
55 62
54 45
54 53
57 56
56 51
56 53
56 62
51 42
51 49
51 46
51 44
51 45
51 484
51 41
51 566
51 111
51 50
51 52
62 63
53 45
53 52
537 536
537 5
536 5
536 484
536 535
536 532
536 530
535 534
535 531
533 534
533 532
532 531
531 530
115 114
115 116
114 113
117 49
117 116
117 111
117 118
116 154
116 111
116 110
116 112
116 119
116 118
111 110
111 112
111 119
111 154
111 48
110 113
110 88
110 112
110 41
110 5
119 118
429 428
428 427
421 422
420 427
423 422
423 424
422 427
425 426
425 427
424 390
424 484
424 427
427 426
427 560
308 309
308 304
308 305
308 307
309 304
309 306
300 301
300 303
301 302
301 303
302 303
303 304
303 305
304 305
304 306
304 307
304 484
305 306
305 307
306 307
560 564
561 566
561 563
561 5
561 562
562 484
562 45
563 565
563 566
564 5
565 566
565 5
565 484
566 567
229 225
229 228
229 227
229 226
229 224
228 227
228 224
227 226
227 224
226 225
226 224
225 224
225 221
224 223
224 222
224 221
224 220
223 222
221 220
390 484
151 152
151 153
150 152
153 152
153 154
152 154
155 154
155 156
154 157
154 156
154 158
154 47
157 158
157 156
159 158
399 398
48 49
48 46
48 47
48 40
49 45
49 43
46 47
46 44
46 45
47 45
44 45
44 42
44 43
45 41
42 43
40 41
5 483
489 485
489 488
488 485
488 487
488 484
487 484
486 484
485 484
485 483
484 472
484 483
484 470
484 476
484 479
483 479
483 470
483 481
483 475
483 476
483 477
481 476
481 480
480 470
480 479
480 478
472 473
472 471
473 475
470 479
470 471
470 476
470 477
470 474
470 475
470 478
476 479
476 477
476 475
476 478
477 478
475 479
