133 128
133 118
133 135
133 134
132 201
132 131
132 122
132 135
132 134
132 164
132 138
132 118
131 130
130 146
130 147
130 125
130 126
130 127
130 164
130 107
130 105
137 145
137 138
137 124
137 148
135 144
135 157
135 156
135 127
135 118
135 134
135 128
135 176
135 139
135 172
134 42
134 123
134 175
134 138
139 140
139 138
139 143
138 155
138 143
138 157
138 141
138 142
138 148
138 124
138 113
138 95
138 105
93 91
93 95
93 92
93 42
93 94
67 68
67 203
67 97
67 34
25 24
25 13
25 20
25 21
25 22
25 23
25 52
25 2
25 7
25 34
26 42
26 27
26 28
92 91
92 89
20 11
20 39
20 15
20 21
20 22
20 16
20 19
20 18
20 31
20 42
20 36
20 40
20 34
20 17
21 11
21 22
21 32
22 23
22 36
22 29
23 24
160 157
160 159
160 158
160 164
160 161
160 162
160 163
28 30
28 31
28 184
28 29
29 31
29 30
29 34
94 91
94 95
97 75
97 125
8 11
8 201
8 9
8 15
8 204
163 164
163 165
163 161
68 82
68 69
68 64
68 71
87 82
87 89
87 86
119 120
119 118
119 105
120 150
120 121
120 108
120 111
120 110
120 6
120 118
121 150
121 123
121 110
121 127
122 123
122 150
123 127
123 186
123 124
123 103
123 118
124 116
124 47
124 112
124 125
124 127
124 155
124 118
124 105
125 201
125 144
125 145
125 42
125 126
125 127
125 118
125 105
126 127
127 151
127 144
127 184
127 128
127 118
128 142
128 129
128 118
129 42
59 60
59 62
58 60
58 62
58 74
58 57
58 71
55 51
55 16
55 54
55 57
55 56
55 42
55 50
55 53
55 52
55 47
55 62
55 2
55 186
55 71
55 6
55 61
55 95
55 31
55 70
55 105
54 53
54 71
54 52
57 56
57 71
56 16
56 51
56 50
56 62
56 63
51 47
51 50
51 52
51 62
50 48
50 49
50 42
50 45
50 43
50 52
50 62
50 36
50 71
50 47
50 164
53 52
52 201
52 13
52 45
52 48
52 49
52 47
52 44
52 42
52 36
52 61
52 62
52 203
52 71
52 11
52 34
90 201
90 82
90 98
90 88
90 89
90 73
90 72
90 71
90 91
90 95
90 105
164 198
164 157
164 159
164 158
164 191
164 193
164 177
164 176
164 175
164 45
164 42
164 183
164 180
164 186
164 201
164 147
164 149
164 73
164 169
164 165
164 166
164 167
164 161
164 162
164 105
164 168
146 147
146 144
146 142
199 201
199 200
199 198
199 195
199 196
199 193
199 185
199 175
198 201
198 200
198 197
198 196
200 201
200 202
200 194
200 42
200 186
200 185
195 201
195 194
195 196
195 191
194 201
194 157
194 193
194 192
194 186
197 175
197 196
197 185
196 201
191 201
191 190
191 193
191 192
191 183
191 180
191 186
191 187
191 184
191 175
191 189
191 170
203 201
203 11
203 202
203 15
203 157
203 48
203 42
203 36
203 1
203 27
203 62
203 2
203 6
203 167
203 204
193 201
193 158
193 192
193 1
193 186
192 184
115 114
115 116
114 49
114 112
114 118
114 116
114 186
114 110
114 113
114 6
114 106
114 107
114 105
117 116
117 118
117 156
89 95
89 85
89 42
89 91
89 82
89 86
89 105
111 108
111 109
111 112
110 108
110 109
110 112
113 118
113 112
69 95
69 64
69 71
69 70
82 91
82 153
82 86
82 62
82 105
82 76
82 75
82 73
82 72
82 71
82 83
82 81
82 95
82 74
82 85
83 85
80 91
80 107
80 79
81 202
81 43
81 61
81 71
81 103
86 42
86 77
86 91
86 62
86 65
86 85
86 95
86 118
86 105
118 150
118 62
118 116
118 169
118 105
204 30
204 202
27 46
27 11
27 30
3 42
3 1
3 2
3 5
3 4
3 6
7 11
7 10
7 42
7 6
24 42
108 42
108 109
108 102
108 105
109 157
102 101
102 42
102 104
102 105
103 61
103 100
103 104
103 105
100 99
100 101
100 95
101 99
101 75
101 42
106 48
106 105
107 201
107 71
107 112
107 105
104 105
105 152
105 155
105 157
105 62
105 112
105 175
105 42
105 201
105 147
105 202
105 99
105 98
105 74
105 72
105 91
105 95
105 96
105 11
39 202
39 45
39 42
39 36
39 35
39 41
39 2
39 40
39 34
38 42
38 37
38 71
33 32
33 31
33 30
33 34
32 31
32 34
31 30
31 42
31 34
30 42
30 2
37 201
37 36
37 35
37 41
36 11
36 16
36 42
36 35
36 186
36 40
36 47
36 34
35 42
35 40
35 41
35 34
34 11
34 202
34 15
34 42
34 2
60 61
60 62
61 62
62 63
62 64
62 48
62 47
62 45
62 42
62 2
62 186
62 184
62 202
62 77
62 71
62 70
64 65
64 71
179 201
179 155
179 157
179 182
179 180
179 184
179 175
179 189
179 188
178 177
178 176
178 180
178 2
177 201
177 183
177 176
177 175
176 180
176 175
176 172
175 201
175 157
175 185
175 183
175 112
175 167
175 173
175 172
175 170
174 173
174 172
174 184
173 167
173 184
173 185
173 172
173 170
172 150
172 180
172 168
172 171
171 152
171 143
171 169
171 182
171 187
171 170
170 186
170 169
170 168
181 182
181 180
145 144
145 42
182 201
182 152
182 183
182 187
183 184
183 185
180 184
2 42
2 1
2 5
2 6
2 9
2 201
2 202
2 13
2 95
2 11
2 10
2 15
2 14
186 201
186 157
186 158
186 187
186 184
186 185
186 188
186 189
187 201
187 188
184 201
184 189
184 169
184 185
6 11
6 10
6 201
6 42
6 5
6 9
188 201
188 189
189 201
189 190
4 11
185 202
185 169
98 96
98 95
168 158
168 169
168 165
168 166
168 167
169 201
169 165
169 166
169 167
91 147
91 48
91 73
91 72
91 95
165 166
165 167
166 201
166 150
166 158
166 167
167 157
95 157
95 112
95 42
95 96
95 78
161 159
161 162
162 159
162 157
11 202
11 15
11 14
11 10
11 42
11 71
11 41
11 13
10 42
10 9
13 12
13 15
13 14
13 48
12 15
15 201
15 202
15 17
15 16
15 42
17 19
17 16
16 18
16 42
19 18
88 75
116 147
116 157
151 150
151 144
151 152
151 155
151 157
150 147
150 153
150 152
150 149
153 152
153 154
153 157
152 143
155 147
155 154
155 157
155 156
155 158
155 148
155 149
154 157
154 149
157 156
157 159
157 158
157 201
157 147
157 141
157 71
159 158
48 49
48 43
46 202
46 42
46 45
46 47
47 202
47 43
47 42
47 44
47 45
44 43
45 202
45 42
45 43
42 43
42 40
42 41
42 201
42 202
42 143
42 71
43 201
43 5
43 71
40 41
1 202
9 202
201 202
201 71
201 79
147 144
147 140
147 148
147 149
147 73
144 143
144 140
144 148
142 143
148 149
77 75
77 76
77 73
77 72
77 71
77 78
76 74
75 74
75 72
75 71
74 73
74 72
74 71
74 79
73 72
73 71
72 71
72 78
71 70
