2, 42
86, 89
108, 110
150, 166
201, 203
1, 3
6, 10
13, 15
16, 18
23, 25
30, 31
34, 39
42, 43
47, 52
54, 55
56, 62
71, 72
73, 74
82, 83
86, 89
90, 91
95, 96
99, 105
108, 109
110, 114
116, 118
125, 126
127, 128
132, 134
135, 139
144, 147
150, 151
153, 157
158, 164
165, 168
169, 170
171, 172
175, 179
180, 184
188, 189
191, 193
194, 195
196, 199
201, 202
203, 2
42, 55
105, 108
109, 157
158, 193
201, 52
105, 157
43, 81
201, 2
20, 31
42, 50
55, 62
82, 95
108, 110
120, 121
122, 132
150, 151
154, 157
158, 164
191, 201
202, 42
91, 95
164, 193
201, 202
11, 36
37, 38
71, 201
55, 186
191, 201
203, 2
42, 134
179, 201
8, 15
20, 21
34, 35
36, 37
38, 42
43, 48
50, 52
55, 62
71, 72
74, 76
82, 89
90, 98
105, 107
108, 111
114, 116
124, 138
140, 144
157, 158
159, 161
166, 167
169, 184
185, 186
200, 201
202, 203
62, 202
2, 25
48, 52
54, 71
72, 90
157, 162
194, 201
202, 42
125, 201
2, 11
16, 17
20, 22
29, 34
35, 41
42, 50
51, 52
55, 62
71, 82
89, 92
95, 105
117, 156
157, 158
166, 168
169, 170
186, 191
195, 196
201, 202
203, 2
15, 17
22, 29
34, 42
50, 51
52, 55
62, 71
95, 105
117, 156
157, 158
168, 169
170, 191
195, 196
201, 15
16, 42
169, 201
2, 62
105, 42
203, 6
11, 15
36, 42
50, 51
52, 55
62, 71
72, 82
89, 105
114, 116
118, 124
155, 157
159, 161
167, 169
186, 191
201, 202
203, 11
42, 52
71, 157
185, 200
201, 15
16, 42
50, 51
52, 62
105, 201
203, 2
42, 125
189, 201
202, 2
13, 52
54, 71
72, 90
105, 155
157, 164
201, 202
42, 93
164, 201
202, 46
58, 74
105, 130
164, 177
201, 202
42, 129
164, 201
202, 15
16, 55
201, 2
42, 105
143, 152
171, 182
187, 201
202, 2
6, 55
78, 95
114, 116
132, 164
191, 201
202, 185
200, 42
105, 164
201, 202
2, 11
15, 16
35, 36
42, 43
47, 52
55, 71
75, 97
101, 102
105, 114
116, 124
138, 155
157, 164
169, 185
200, 201
202, 11
15, 34
36, 42
47, 55
75, 101
102, 105
114, 116
124, 138
164, 169
185, 200
201, 202
8, 11
20, 34
35, 37
38, 42
43, 50
51, 52
53, 55
70, 71
82, 90
114, 115
116, 157
158, 186
191, 201
202, 203
204, 8
11, 36
38, 71
201, 8
11, 36
37, 201
2, 42
62, 77
105, 118
127, 128
135, 172
176, 180
191, 201
42, 89
157, 158
164, 201
202, 203
15, 42
45, 62
71, 107
118, 169
184, 201
1, 2
3, 6
7, 10
11, 14
15, 16
17, 19
20, 21
22, 23
26, 28
30, 33
34, 35
36, 39
40, 41
43, 45
47, 50
51, 52
55, 56
62, 64
68, 69
71, 72
73, 74
75, 77
82, 85
86, 89
91, 92
93, 94
95, 98
99, 101
102, 104
105, 107
108, 109
110, 112
114, 116
118, 120
121, 123
125, 127
134, 135
138, 143
144, 146
147, 149
150, 152
153, 157
158, 160
161, 163
164, 166
168, 169
170, 171
172, 174
175, 176
179, 180
182, 183
184, 185
186, 187
189, 191
192, 193
195, 196
198, 199
200, 201
202, 203
2, 5
11, 34
36, 42
50, 51
55, 71
81, 82
89, 95
105, 107
112, 113
114, 116
138, 157
173, 185
186, 200
201, 202
203, 52
157, 159
41, 42
62, 71
105, 107
118, 127
128, 142
147, 164
174, 184
186, 193
201, 202
203, 27
58, 74
130, 164
177, 201
2, 34
35, 42
50, 52
71, 72
75, 82
90, 98
105, 112
124, 137
138, 148
164, 175
185, 200
201, 202
11, 13
49, 52
71, 90
91, 105
106, 114
157, 164
192, 194
201, 202
48, 106
114, 6
11, 15
16, 20
22, 36
42, 43
47, 51
52, 55
56, 62
64, 69
70, 71
82, 87
89, 95
105, 114
115, 116
118, 127
128, 135
137, 138
144, 148
157, 164
166, 169
180, 184
186, 189
191, 193
201, 202
203, 15
16, 20
22, 36
42, 43
50, 55
62, 64
69, 95
105, 114
116, 118
157, 164
169, 184
186, 189
191, 193
201, 202
203, 2
4, 11
13, 15
16, 20
21, 22
25, 34
36, 42
44, 47
48, 50
53, 54
59, 62
70, 71
72, 73
82, 86
90, 98
105, 114
123, 124
140, 147
149, 155
157, 158
159, 162
164, 169
184, 185
186, 194
200, 201
202, 203
36, 52
201, 203
2, 13
25, 52
71, 72
157, 201
2, 3
6, 9
11, 15
16, 20
29, 31
34, 35
36, 42
43, 50
51, 56
62, 71
72, 78
82, 89
90, 95
98, 105
114, 115
116, 117
118, 124
126, 127
132, 134
137, 148
149, 154
157, 158
164, 169
179, 184
186, 191
193, 199
201, 202
203, 2
42, 50
55, 62
105, 118
135, 156
164, 180
201, 71
73, 164
201, 202
27, 46
74, 105
130, 147
164, 177
201, 202
52, 71
157, 201
164, 201
202, 81
103, 123
186, 201
203, 2
6, 11
12, 15
16, 18
20, 22
39, 41
42, 45
50, 51
52, 55
56, 63
64, 65
69, 71
72, 77
82, 86
90, 91
94, 95
99, 105
107, 114
116, 118
124, 127
128, 133
135, 144
147, 150
151, 155
156, 157
164, 169
172, 175
176, 178
180, 184
186, 189
191, 193
201, 202
203, 62
42, 50
51, 62
157, 186
201, 203
62, 184
97, 125
145, 42
91, 147
149, 164
201, 42
50, 51
62, 186
203, 36
50, 52
114, 115
186, 201
203, 2
8, 11
13, 15
16, 20
21, 25
34, 36
37, 41
42, 43
45, 47
48, 50
52, 54
55, 57
59, 62
72, 73
74, 76
82, 86
89, 90
95, 105
107, 112
113, 118
124, 138
140, 144
147, 155
157, 158
160, 162
164, 165
167, 173
175, 183
185, 186
189, 191
193, 194
199, 200
201, 202
203, 2
11, 13
20, 25
42, 47
52, 54
55, 62
71, 74
90, 105
107, 112
113, 138
140, 147
155, 157
164, 165
167, 175
185, 199
200, 201
202, 2
42, 52
57, 71
86, 95
157, 158
160, 164
183, 191
193, 201
202, 2
11, 27
42, 46
58, 71
72, 105
107, 130
147, 164
177, 201
202, 34
35, 42
47, 124
185, 200
11, 71
90, 201
202, 39
42, 62
118, 135
172, 180
191, 201
31, 55
132, 201
80, 107
201, 79
107, 201
5, 43
61, 103
123, 186
201, 203
2, 6
11, 15
20, 36
42, 43
47, 50
52, 55
62, 71
85, 89
90, 91
95, 100
105, 112
113, 114
144, 147
148, 149
150, 153
155, 157
158, 164
168, 169
186, 189
191, 201
202, 203
2, 42
82, 153
201, 202
1, 2
42, 52
62, 71
73, 90
108, 110
118, 127
128, 135
149, 150
157, 164
180, 184
201, 202
50, 164
166, 201
185, 200
1, 2
11, 15
20, 40
42, 43
50, 55
71, 82
95, 100
105, 157
158, 164
165, 166
169, 201
202, 203
2, 11
13, 25
36, 47
48, 52
55, 62
71, 72
76, 82
86, 105
148, 155
157, 159
162, 164
185, 186
194, 200
201, 202
203, 2
7, 42
48, 62
68, 82
95, 105
107, 114
116, 147
149, 164
184, 192
193, 199
201, 202
15, 42
169, 201
26, 42
164, 201
202, 42
62, 105
201, 2
6, 7
15, 16
31, 42
43, 50
51, 55
62, 71
73, 82
89, 91
96, 105
132, 134
149, 150
157, 158
160, 163
164, 165
168, 169
170, 175
179, 189
191, 193
195, 196
199, 201
202, 203
2, 95
201, 202
34, 67
125, 145
11, 42
47, 52
55, 105
201, 202
2, 42
62, 105
125, 201
82, 89
164, 201
202, 203
34, 35
42, 102
105, 202
34, 35
42, 101
105, 202
61, 81
123, 186
201, 203
42, 164
201, 202
2, 3
4, 11
15, 16
18, 20
22, 25
27, 30
33, 34
35, 39
42, 43
45, 47
48, 50
51, 52
55, 56
58, 62
71, 72
74, 82
89, 90
91, 94
95, 98
99, 101
102, 108
109, 111
112, 114
116, 118
124, 125
134, 135
137, 138
139, 143
144, 146
147, 148
150, 151
155, 156
157, 158
159, 164
165, 167
168, 172
175, 179
180, 184
185, 186
189, 191
193, 194
195, 196
198, 200
201, 202
203, 48
49, 114
11, 41
42, 43
45, 62
71, 72
74, 79
80, 91
164, 165
173, 184
186, 201
202, 203
1, 2
3, 6
11, 42
86, 105
109, 110
111, 120
121, 127
150, 151
157, 158
193, 201
202, 2
3, 42
105, 108
157, 158
193, 1
2, 6
42, 86
108, 120
121, 127
150, 151
157, 158
201, 202
11, 105
108, 42
43, 47
71, 72
82, 105
113, 138
175, 199
201, 202
43, 71
72, 82
112, 175
201, 2
11, 20
31, 34
35, 36
42, 43
48, 49
50, 51
52, 55
62, 70
82, 91
105, 106
115, 116
118, 132
135, 157
164, 180
184, 186
191, 201
202, 203
36, 50
55, 70
114, 186
191, 201
203, 2
11, 20
31, 34
35, 36
42, 43
50, 51
55, 62
91, 105
114, 118
132, 135
157, 164
180, 184
186, 191
201, 202
203, 15
16, 55
201, 2
20, 39
41, 42
45, 50
51, 55
56, 62
71, 77
86, 105
114, 116
127, 128
133, 135
144, 151
157, 164
172, 176
178, 180
184, 186
189, 191
201, 202
203, 167
201, 6
42, 108
110, 121
122, 150
157, 158
201, 202
6, 42
108, 110
120, 150
157, 158
201, 202
6, 120
202, 42
52, 61
81, 103
157, 186
188, 201
202, 203
11, 20
34, 35
47, 52
55, 62
71, 75
105, 138
157, 167
185, 200
201, 202
2, 14
24, 42
67, 97
99, 105
137, 145
147, 164
189, 191
201, 202
2, 55
201, 202
2, 39
42, 45
50, 55
62, 86
108, 110
118, 128
135, 144
150, 172
180, 184
186, 201
203, 2
39, 45
50, 62
86, 118
127, 135
172, 180
184, 28
27, 46
58, 74
147, 164
177, 201
202, 201
2, 6
31, 55
78, 95
114, 116
164, 191
201, 202
62, 118
178, 2
10, 42
55, 95
105, 175
179, 188
201, 202
2, 39
42, 50
56, 62
77, 86
105, 114
116, 118
127, 128
172, 176
180, 184
191, 201
47, 50
55, 105
125, 201
11, 34
35, 42
43, 47
50, 71
72, 105
112, 124
149, 164
175, 185
200, 201
202, 2
105, 201
11, 52
71, 72
157, 201
185, 200
45, 164
201, 202
30, 42
105, 152
171, 182
187, 201
202, 2
11, 42
50, 62
71, 82
105, 118
127, 184
186, 189
201, 202
203, 67
97, 125
42, 105
147, 164
201, 202
2, 42
45, 52
58, 62
68, 71
72, 74
82, 91
105, 125
130, 146
149, 155
157, 164
177, 183
198, 201
202, 47
50, 55
82, 90
105, 201
202, 42
52, 55
68, 82
86, 91
95, 138
147, 157
164, 201
202, 1
2, 6
42, 62
82, 86
95, 105
108, 110
120, 121
127, 151
157, 158
201, 202
2, 6
62, 105
108, 110
118, 150
186, 201
202, 203
30, 42
143, 171
182, 187
201, 202
2, 42
82, 85
201, 202
6, 55
201, 202
20, 25
34, 52
62, 71
72, 82
90, 105
147, 157
164, 167
175, 201
202, 15
16, 56
62, 105
202, 2
3, 4
6, 11
13, 15
16, 20
21, 25
34, 36
40, 42
43, 44
48, 50
51, 52
54, 55
59, 62
64, 71
72, 73
82, 86
89, 90
95, 105
108, 109
110, 114
116, 118
120, 121
123, 124
140, 147
149, 150
155, 158
159, 160
161, 162
164, 166
168, 169
170, 173
183, 185
186, 188
191, 193
194, 195
196, 198
199, 200
201, 202
203, 2
3, 6
11, 15
16, 36
40, 42
52, 55
71, 73
82, 89
95, 105
108, 109
110, 120
121, 150
157, 164
168, 169
170, 186
191, 193
195, 196
199, 201
202, 203
11, 20
44, 52
90, 105
157, 201
202, 42
71, 73
95, 157
164, 183
198, 201
202, 11
20, 42
157, 203
13, 52
71, 90
157, 194
201, 202
42, 95
164, 193
201, 202
2, 6
7, 25
26, 27
28, 31
33, 34
35, 40
42, 45
46, 47
48, 50
51, 52
55, 56
57, 58
60, 62
68, 71
72, 73
74, 82
86, 87
89, 90
91, 93
95, 100
104, 105
107, 114
116, 118
125, 130
132, 138
142, 146
147, 149
155, 157
158, 160
163, 165
166, 168
177, 183
184, 186
189, 191
192, 193
198, 199
201, 202
203, 2
71, 72
89, 95
105, 107
164, 186
201, 202
203, 1
11, 15
42, 50
87, 89
157, 164
169, 201
202, 203
11, 20
71, 72
105, 119
124, 155
201, 202
2, 15
16, 42
82, 95
105, 157
158, 164
169, 170
191, 195
196, 199
201, 202
2, 11
15, 16
17, 20
34, 35
41, 42
50, 51
52, 55
62, 82
89, 92
95, 157
158, 166
168, 170
186, 191
195, 196
201, 202
203, 2
15, 16
42, 95
157, 158
168, 169
191, 195
196, 201
2, 30
42, 143
152, 182
187, 201
202, 2
39, 42
62, 77
105, 118
127, 128
135, 176
180, 191
201, 43
71, 107
157, 201
202, 42
45, 202
2, 42
47, 62
71, 72
95, 105
112, 113
134, 138
155, 179
185, 199
200, 201
202, 39
42, 62
118, 135
172, 180
189, 201
27, 46
58, 74
130, 147
164, 201
202, 62
118, 133
2, 10
42, 55
95, 105
134, 175
188, 201
202, 2
39, 42
50, 56
62, 77
86, 105
114, 116
118, 127
128, 135
172, 176
184, 191
201, 201
30, 42
143, 152
171, 187
201, 202
42, 71
73, 147
157, 160
164, 198
201, 202
2, 11
41, 42
45, 50
51, 52
55, 62
65, 86
91, 105
107, 114
116, 118
127, 128
135, 144
164, 180
186, 189
201, 202
203, 11
21, 32
34, 35
42, 43
47, 52
71, 72
75, 88
90, 105
124, 138
141, 157
175, 197
200, 201
202, 9
11, 15
20, 36
42, 43
45, 50
51, 52
55, 61
62, 64
69, 70
71, 81
82, 90
103, 105
107, 114
115, 116
118, 123
127, 144
151, 157
158, 164
165, 169
184, 189
191, 201
202, 203
204, 30
42, 143
152, 171
182, 201
202, 2
123, 134
157, 179
201, 2
24, 42
50, 51
62, 71
82, 95
105, 118
125, 144
164, 176
184, 186
201, 203
201, 2
6, 9
15, 16
20, 31
36, 39
42, 50
51, 55
62, 71
73, 77
82, 95
105, 114
115, 116
118, 125
132, 135
157, 158
164, 168
169, 170
172, 180
186, 193
195, 199
201, 202
203, 42
48, 91
164, 201
2, 3
7, 42
45, 50
51, 55
62, 71
73, 91
95, 105
108, 109
157, 158
163, 164
191, 201
202, 2
13, 48
52, 71
90, 105
157, 162
201, 202
2, 15
16, 42
95, 105
157, 158
168, 169
170, 191
196, 201
202, 2
15, 16
42, 95
105, 157
158, 168
169, 170
195, 201
202, 185
200, 42
105, 147
157, 160
164, 183
201, 202
2, 42
55, 71
72, 91
95, 112
157, 158
164, 168
175, 191
201, 202
11, 21
32, 34
35, 42
43, 47
52, 71
72, 75
88, 90
105, 124
138, 141
157, 175
185, 197
201, 202
1, 2
3, 5
6, 7
8, 9
10, 11
13, 14
15, 16
17, 20
21, 22
24, 25
26, 27
28, 29
30, 31
33, 34
35, 36
37, 38
39, 40
41, 42
43, 45
46, 47
48, 50
51, 52
53, 54
55, 56
57, 58
59, 60
61, 62
64, 68
70, 71
72, 73
74, 76
77, 78
79, 80
81, 82
85, 86
87, 89
90, 91
92, 93
94, 95
96, 98
99, 100
103, 104
105, 107
108, 110
112, 113
114, 115
116, 117
118, 119
120, 121
123, 124
125, 126
127, 130
131, 132
134, 135
137, 138
139, 140
142, 143
144, 146
147, 148
149, 150
151, 152
153, 154
155, 157
158, 159
160, 162
163, 164
165, 166
167, 168
169, 170
171, 172
173, 175
176, 177
179, 180
181, 182
183, 184
185, 186
187, 188
189, 190
191, 192
193, 194
195, 196
198, 199
200, 202
203, 204
2, 6
7, 11
12, 13
15, 20
24, 25
26, 27
28, 30
31, 33
34, 35
36, 40
42, 43
45, 47
48, 50
51, 52
55, 57
58, 60
62, 71
72, 73
74, 76
82, 85
86, 89
90, 91
93, 95
96, 98
100, 101
102, 104
105, 107
108, 110
112, 114
116, 118
120, 121
122, 123
124, 125
126, 130
132, 134
138, 142
143, 144
146, 147
148, 149
150, 151
152, 153
154, 155
156, 157
158, 159
160, 162
163, 164
165, 166
167, 168
169, 171
173, 174
175, 177
179, 182
183, 184
185, 186
187, 191
193, 194
195, 196
198, 199
200, 201
203, 1
2, 9
11, 15
19, 20
22, 36
40, 42
43, 45
50, 51
52, 53
55, 61
62, 64
69, 70
71, 81
82, 89
90, 95
100, 103
105, 107
114, 115
116, 118
123, 127
144, 151
157, 158
161, 164
165, 166
169, 184
186, 189
191, 201
202, 204
36, 186
201, 203
1, 1
1, 1
1, 1
1, 1
1, 1
2, 2
2, 2
2, 2
2, 2
2, 2
2, 2
2, 2
2, 2
2, 2
2, 2
2, 2
2, 2
2, 2
2, 2
2, 2
2, 2
2, 2
2, 2
2, 2
2, 2
2, 2
2, 2
2, 2
2, 2
2, 2
2, 2
2, 2
2, 2
2, 2
2, 2
2, 2
2, 2
2, 2
2, 2
2, 2
2, 2
2, 2
2, 2
2, 2
2, 3
3, 3
3, 3
3, 3
3, 3
3, 4
4, 4
5, 5
5, 6
6, 6
6, 6
6, 6
6, 6
6, 6
6, 6
6, 6
6, 6
6, 6
6, 6
6, 6
6, 7
7, 7
7, 7
7, 7
8, 8
8, 8
8, 8
9, 9
9, 9
9, 10
10, 10
10, 10
11, 11
11, 11
11, 11
11, 11
11, 11
11, 11
11, 11
11, 11
11, 11
11, 11
11, 11
11, 11
11, 11
11, 11
11, 11
11, 11
11, 11
11, 11
11, 11
11, 11
11, 11
11, 11
11, 11
11, 11
12, 12
13, 13
13, 13
13, 13
13, 13
13, 13
13, 13
13, 14
14, 14
15, 15
15, 15
15, 15
15, 15
15, 15
15, 15
15, 15
15, 15
15, 15
15, 15
15, 15
15, 15
15, 15
15, 15
15, 15
15, 15
15, 15
15, 15
15, 16
16, 16
16, 16
16, 16
16, 16
16, 16
16, 16
16, 16
16, 16
16, 16
16, 16
16, 16
16, 16
16, 17
17, 17
17, 17
18, 18
18, 19
19, 20
20, 20
20, 20
20, 20
20, 20
20, 20
20, 20
20, 20
20, 20
20, 20
20, 20
20, 20
20, 20
20, 20
20, 20
20, 21
21, 21
21, 21
21, 21
21, 22
22, 22
22, 22
22, 22
22, 22
22, 23
23, 24
24, 24
24, 25
25, 25
25, 25
25, 25
25, 25
25, 25
25, 25
26, 26
26, 26
26, 27
27, 27
27, 27
27, 27
27, 27
28, 28
28, 28
28, 29
29, 29
29, 30
30, 30
30, 30
30, 30
30, 30
30, 31
31, 31
31, 31
31, 31
31, 31
31, 31
31, 32
32, 33
33, 33
33, 33
34, 34
34, 34
34, 34
34, 34
34, 34
34, 34
34, 34
34, 34
34, 34
34, 34
34, 34
34, 34
34, 34
34, 34
34, 35
35, 35
35, 35
35, 35
35, 35
35, 35
35, 35
35, 35
35, 35
35, 35
35, 35
36, 36
36, 36
36, 36
36, 36
36, 36
36, 36
36, 36
36, 36
36, 36
36, 36
36, 36
36, 36
36, 36
36, 36
36, 37
37, 37
37, 37
37, 38
38, 38
38, 38
39, 39
39, 39
39, 39
39, 39
39, 39
39, 39
39, 39
40, 40
40, 40
40, 40
40, 40
41, 41
41, 41
41, 41
41, 41
41, 41
42, 42
42, 42
42, 42
42, 42
42, 42
42, 42
42, 42
42, 42
42, 42
42, 42
42, 42
42, 42
42, 42
42, 42
42, 42
42, 42
42, 42
42, 42
42, 42
42, 42
42, 42
42, 42
42, 42
42, 42
42, 42
42, 42
42, 42
42, 42
42, 42
42, 42
42, 42
42, 42
42, 42
42, 42
42, 42
42, 42
42, 42
42, 42
42, 42
42, 42
42, 42
42, 42
42, 42
42, 42
42, 42
42, 42
42, 42
42, 42
42, 42
42, 42
42, 42
42, 42
42, 42
42, 42
42, 42
42, 42
42, 42
42, 42
42, 42
43, 43
43, 43
43, 43
43, 43
43, 43
43, 43
43, 43
43, 43
43, 43
43, 43
43, 43
43, 43
43, 43
43, 43
43, 44
44, 44
45, 45
45, 45
45, 45
45, 45
45, 45
45, 45
45, 45
45, 45
45, 45
45, 46
46, 46
46, 46
46, 46
47, 47
47, 47
47, 47
47, 47
47, 47
47, 47
47, 47
47, 47
47, 47
47, 47
47, 47
47, 47
48, 48
48, 48
48, 48
48, 48
48, 48
48, 48
48, 48
48, 48
49, 49
49, 50
50, 50
50, 50
50, 50
50, 50
50, 50
50, 50
50, 50
50, 50
50, 50
50, 50
50, 50
50, 50
50, 50
50, 50
50, 50
50, 50
50, 50
50, 50
50, 50
50, 50
50, 50
50, 50
50, 50
50, 51
51, 51
51, 51
51, 51
51, 51
51, 51
51, 51
51, 51
51, 51
51, 51
51, 51
51, 51
51, 51
51, 51
51, 52
52, 52
52, 52
52, 52
52, 52
52, 52
52, 52
52, 52
52, 52
52, 52
52, 52
52, 52
52, 52
52, 52
52, 52
52, 52
52, 52
52, 52
52, 52
52, 52
52, 52
52, 52
52, 52
52, 52
52, 52
52, 52
53, 53
53, 53
54, 54
54, 54
54, 54
54, 54
55, 55
55, 55
55, 55
55, 55
55, 55
55, 55
55, 55
55, 55
55, 55
55, 55
55, 55
55, 55
55, 55
55, 55
55, 55
55, 55
55, 55
55, 55
55, 55
55, 55
55, 55
55, 55
55, 55
55, 55
55, 55
55, 55
55, 55
55, 56
56, 56
56, 56
56, 56
56, 56
56, 56
56, 57
57, 57
57, 57
58, 58
58, 58
58, 58
58, 58
58, 58
59, 59
59, 59
60, 60
60, 61
61, 61
61, 61
61, 62
62, 62
62, 62
62, 62
62, 62
62, 62
62, 62
62, 62
62, 62
62, 62
62, 62
62, 62
62, 62
62, 62
62, 62
62, 62
62, 62
62, 62
62, 62
62, 62
62, 62
62, 62
62, 62
62, 62
62, 62
62, 62
62, 62
62, 62
62, 62
62, 62
62, 62
62, 62
62, 63
64, 64
64, 64
64, 64
64, 64
65, 65
67, 67
67, 68
68, 68
68, 68
68, 69
69, 69
69, 69
69, 70
70, 70
70, 70
70, 70
70, 71
71, 71
71, 71
71, 71
71, 71
71, 71
71, 71
71, 71
71, 71
71, 71
71, 71
71, 71
71, 71
71, 71
71, 71
71, 71
71, 71
71, 71
71, 71
71, 71
71, 71
71, 71
71, 71
71, 71
71, 71
71, 71
71, 71
71, 71
71, 71
71, 71
71, 71
71, 71
71, 71
71, 72
72, 72
72, 72
72, 72
72, 72
72, 72
72, 72
72, 72
72, 72
72, 72
72, 72
72, 72
72, 72
72, 72
72, 72
72, 72
72, 73
73, 73
73, 73
73, 73
73, 73
73, 73
73, 73
73, 73
73, 74
74, 74
74, 74
74, 74
74, 74
74, 74
74, 74
74, 74
74, 75
75, 75
75, 75
75, 75
76, 76
76, 76
76, 77
77, 77
77, 77
77, 77
77, 77
78, 78
78, 78
79, 79
79, 80
80, 80
81, 81
81, 81
81, 81
81, 81
82, 82
82, 82
82, 82
82, 82
82, 82
82, 82
82, 82
82, 82
82, 82
82, 82
82, 82
82, 82
82, 82
82, 82
82, 82
82, 82
82, 82
82, 82
82, 82
82, 82
82, 82
83, 85
85, 85
85, 85
86, 86
86, 86
86, 86
86, 86
86, 86
86, 86
86, 86
86, 86
86, 86
86, 86
86, 86
87, 87
87, 87
88, 88
89, 89
89, 89
89, 89
89, 89
89, 89
89, 89
89, 89
89, 89
89, 89
89, 89
89, 89
89, 89
90, 90
90, 90
90, 90
90, 90
90, 90
90, 90
90, 90
90, 90
90, 90
90, 90
90, 90
90, 90
90, 90
90, 90
90, 91
91, 91
91, 91
91, 91
91, 91
91, 91
91, 91
91, 91
91, 91
91, 91
91, 91
92, 92
92, 92
93, 93
93, 93
93, 94
94, 94
94, 95
95, 95
95, 95
95, 95
95, 95
95, 95
95, 95
95, 95
95, 95
95, 95
95, 95
95, 95
95, 95
95, 95
95, 95
95, 95
95, 95
95, 95
95, 95
95, 95
95, 95
95, 95
96, 96
96, 96
97, 97
97, 97
98, 98
98, 98
98, 98
98, 98
99, 99
99, 99
99, 99
100, 100
100, 100
100, 100
101, 101
101, 101
101, 101
102, 102
102, 102
102, 102
103, 103
103, 103
103, 103
104, 104
104, 104
105, 105
105, 105
105, 105
105, 105
105, 105
105, 105
105, 105
105, 105
105, 105
105, 105
105, 105
105, 105
105, 105
105, 105
105, 105
105, 105
105, 105
105, 105
105, 105
105, 105
105, 105
105, 105
105, 105
105, 105
105, 105
105, 105
105, 105
105, 105
105, 105
105, 105
105, 105
105, 105
105, 105
105, 105
105, 105
105, 105
105, 105
105, 105
105, 105
105, 105
105, 105
105, 105
105, 105
105, 105
105, 106
106, 106
107, 107
107, 107
107, 107
107, 107
107, 107
107, 107
107, 107
107, 107
107, 107
107, 107
108, 108
108, 108
108, 108
108, 108
108, 108
108, 108
108, 108
108, 108
108, 108
108, 108
108, 109
109, 109
109, 109
109, 109
109, 110
110, 110
110, 110
110, 110
110, 110
110, 110
110, 110
110, 110
111, 111
111, 112
112, 112
112, 112
112, 112
112, 112
112, 112
112, 112
113, 113
113, 113
113, 113
113, 114
114, 114
114, 114
114, 114
114, 114
114, 114
114, 114
114, 114
114, 114
114, 114
114, 114
114, 114
114, 114
114, 114
114, 114
114, 114
114, 114
114, 114
115, 115
115, 115
115, 115
115, 115
115, 116
116, 116
116, 116
116, 116
116, 116
116, 116
116, 116
116, 116
116, 116
116, 116
116, 116
116, 116
116, 116
116, 116
116, 117
117, 117
117, 118
118, 118
118, 118
118, 118
118, 118
118, 118
118, 118
118, 118
118, 118
118, 118
118, 118
118, 118
118, 118
118, 118
118, 118
118, 118
118, 118
118, 118
118, 119
119, 120
120, 120
120, 120
120, 120
120, 120
120, 120
121, 121
121, 121
121, 121
121, 121
121, 121
122, 122
122, 123
123, 123
123, 123
123, 123
123, 123
123, 123
124, 124
124, 124
124, 124
124, 124
124, 124
124, 124
124, 124
124, 124
124, 124
125, 125
125, 125
125, 125
125, 125
125, 125
125, 125
125, 125
125, 125
126, 126
126, 126
127, 127
127, 127
127, 127
127, 127
127, 127
127, 127
127, 127
127, 127
127, 127
127, 127
127, 128
128, 128
128, 128
128, 128
128, 128
128, 128
128, 129
130, 130
130, 130
130, 130
130, 130
130, 131
132, 132
132, 132
132, 132
132, 132
132, 132
132, 132
133, 133
133, 134
134, 134
134, 134
134, 134
134, 134
134, 134
135, 135
135, 135
135, 135
135, 135
135, 135
135, 135
135, 135
135, 135
135, 135
135, 135
137, 137
137, 137
137, 137
138, 138
138, 138
138, 138
138, 138
138, 138
138, 138
138, 138
138, 138
138, 138
138, 139
139, 139
140, 140
140, 140
140, 140
141, 141
142, 142
142, 142
143, 143
143, 143
143, 143
143, 143
143, 144
144, 144
144, 144
144, 144
144, 144
144, 144
144, 144
144, 144
144, 145
145, 145
146, 146
146, 146
146, 146
147, 147
147, 147
147, 147
147, 147
147, 147
147, 147
147, 147
147, 147
147, 147
147, 147
147, 147
147, 147
147, 148
148, 148
148, 148
148, 148
148, 149
149, 149
149, 149
149, 149
149, 149
149, 149
149, 149
149, 150
150, 150
150, 150
150, 150
150, 150
150, 150
150, 150
150, 150
150, 150
150, 150
151, 151
151, 151
151, 151
151, 151
151, 151
151, 151
152, 152
152, 152
152, 152
152, 152
153, 153
153, 153
153, 153
154, 154
154, 154
155, 155
155, 155
155, 155
155, 155
155, 155
155, 155
155, 155
155, 155
155, 156
156, 156
156, 156
156, 157
157, 157
157, 157
157, 157
157, 157
157, 157
157, 157
157, 157
157, 157
157, 157
157, 157
157, 157
157, 157
157, 157
157, 157
157, 157
157, 157
157, 157
157, 157
157, 157
157, 157
157, 157
157, 157
157, 157
157, 157
157, 157
157, 157
157, 157
157, 157
157, 157
157, 157
157, 157
157, 157
157, 157
157, 157
157, 157
157, 157
157, 157
157, 158
158, 158
158, 158
158, 158
158, 158
158, 158
158, 158
158, 158
158, 158
158, 158
158, 158
158, 158
158, 158
158, 158
158, 158
158, 158
158, 158
158, 158
158, 158
159, 159
159, 159
159, 159
159, 159
159, 160
160, 160
160, 160
160, 160
160, 160
160, 161
161, 161
161, 161
162, 162
162, 162
162, 162
162, 162
163, 163
163, 163
163, 163
164, 164
164, 164
164, 164
164, 164
164, 164
164, 164
164, 164
164, 164
164, 164
164, 164
164, 164
164, 164
164, 164
164, 164
164, 164
164, 164
164, 164
164, 164
164, 164
164, 164
164, 164
164, 164
164, 164
164, 164
164, 164
164, 164
164, 164
164, 164
164, 164
164, 164
164, 164
164, 164
164, 164
164, 164
164, 164
164, 164
164, 164
164, 165
165, 165
165, 165
165, 165
165, 165
165, 165
165, 166
166, 166
166, 166
166, 166
166, 166
166, 166
166, 166
167, 167
167, 167
167, 167
167, 167
167, 167
168, 168
168, 168
168, 168
168, 168
168, 168
168, 168
168, 168
168, 168
168, 168
169, 169
169, 169
169, 169
169, 169
169, 169
169, 169
169, 169
169, 169
169, 169
169, 169
169, 169
169, 169
169, 169
169, 169
169, 169
169, 170
170, 170
170, 170
170, 170
170, 170
170, 170
170, 170
171, 171
171, 171
171, 171
171, 171
171, 172
172, 172
172, 172
172, 172
172, 172
172, 172
172, 172
172, 173
173, 173
173, 173
173, 174
174, 174
175, 175
175, 175
175, 175
175, 175
175, 175
175, 175
175, 175
175, 175
175, 175
175, 176
176, 176
176, 176
176, 176
176, 176
177, 177
177, 177
177, 177
177, 177
177, 178
178, 178
179, 179
179, 179
179, 179
179, 179
179, 179
179, 180
180, 180
180, 180
180, 180
180, 180
180, 180
180, 180
180, 180
180, 180
180, 180
180, 181
182, 182
182, 182
182, 182
182, 182
183, 183
183, 183
183, 183
183, 183
183, 183
184, 184
184, 184
184, 184
184, 184
184, 184
184, 184
184, 184
184, 184
184, 184
184, 184
184, 184
184, 184
184, 184
184, 184
184, 185
185, 185
185, 185
185, 185
185, 185
185, 185
185, 185
185, 185
185, 185
185, 185
185, 185
185, 185
185, 186
186, 186
186, 186
186, 186
186, 186
186, 186
186, 186
186, 186
186, 186
186, 186
186, 186
186, 186
186, 186
186, 186
186, 186
186, 186
186, 186
186, 186
186, 186
186, 186
186, 186
186, 186
186, 187
187, 187
187, 187
187, 187
187, 188
188, 188
188, 188
188, 189
189, 189
189, 189
189, 189
189, 189
189, 189
189, 189
189, 189
189, 189
189, 189
190, 191
191, 191
191, 191
191, 191
191, 191
191, 191
191, 191
191, 191
191, 191
191, 191
191, 191
191, 191
191, 191
191, 191
191, 191
191, 191
191, 191
191, 191
191, 191
191, 191
191, 191
191, 192
192, 192
192, 192
193, 193
193, 193
193, 193
193, 193
193, 193
193, 193
193, 193
193, 193
193, 193
193, 193
193, 193
193, 194
194, 194
194, 194
194, 194
194, 194
194, 194
195, 195
195, 195
195, 195
195, 195
195, 195
195, 195
195, 195
195, 196
196, 196
196, 196
196, 196
196, 196
196, 196
196, 196
196, 197
197, 198
198, 198
198, 198
198, 198
198, 198
199, 199
199, 199
199, 199
199, 199
199, 199
199, 199
199, 199
199, 199
200, 200
200, 200
200, 200
200, 200
200, 200
200, 200
200, 200
200, 200
200, 200
200, 200
200, 200
200, 200
201, 201
201, 201
201, 201
201, 201
201, 201
201, 201
201, 201
201, 201
201, 201
201, 201
201, 201
201, 201
201, 201
201, 201
201, 201
201, 201
201, 201
201, 201
201, 201
201, 201
201, 201
201, 201
201, 201
201, 201
201, 201
201, 201
201, 201
201, 201
201, 201
201, 201
201, 201
201, 201
201, 201
201, 201
201, 201
201, 201
201, 201
201, 201
201, 201
201, 201
201, 201
201, 201
201, 201
201, 201
201, 201
201, 201
201, 201
201, 201
201, 201
201, 201
201, 201
201, 201
201, 201
201, 201
201, 201
201, 201
201, 201
201, 201
201, 201
201, 201
201, 201
201, 201
201, 201
201, 201
201, 201
201, 201
201, 201
201, 201
201, 201
201, 201
201, 201
201, 201
201, 201
201, 201
201, 201
201, 201
201, 201
201, 201
201, 201
201, 201
201, 201
201, 201
201, 201
201, 201
202, 202
202, 202
202, 202
202, 202
202, 202
202, 202
202, 202
202, 202
202, 202
202, 202
202, 202
202, 202
202, 202
202, 202
202, 202
202, 202
202, 202
202, 202
202, 202
202, 202
202, 202
202, 202
202, 202
202, 202
202, 202
202, 202
202, 202
202, 202
202, 202
202, 202
202, 202
202, 202
202, 202
202, 202
202, 202
202, 202
202, 202
202, 202
202, 202
202, 202
202, 202
202, 202
202, 202
202, 202
202, 202
202, 202
202, 202
202, 202
202, 202
202, 202
202, 202
202, 202
202, 202
202, 202
202, 202
202, 202
202, 202
202, 202
202, 202
202, 203
203, 203
203, 203
203, 203
203, 203
203, 203
203, 203
203, 203
203, 203
203, 203
203, 203
203, 203
203, 203
203, 203
203, 203
203, 203
203, 203
203, 203
203, 203
203, 203
203, 203
203, 203
203, 203
203, 203
203, 203
203, 203
203, 203
203, 203
204, 204
204, 204
