216 217
216 3
216 213
216 214
216 219
217 133
217 214
217 215
217 213
217 115
217 169
217 113
217 225
217 87
217 171
214 215
214 213
214 23
214 31
214 29
214 219
214 99
214 3
214 1
214 228
214 8
214 220
215 219
212 213
212 148
213 152
213 198
213 210
213 195
213 196
213 191
213 190
213 219
213 113
213 25
213 23
213 40
213 222
213 3
213 5
213 4
213 184
213 6
213 146
213 144
213 205
213 204
213 207
213 209
213 208
213 225
213 192
213 160
213 161
213 163
213 17
213 34
210 209
210 187
218 46
218 219
219 146
219 39
219 195
219 56
219 30
219 50
219 5
219 79
219 113
219 225
219 224
219 232
219 220
133 113
133 157
133 132
133 134
133 141
133 120
133 98
133 3
133 137
133 135
133 127
133 128
133 129
133 162
91 41
91 99
91 89
91 68
91 90
91 92
131 137
131 34
130 146
130 142
130 14
137 143
137 140
137 43
137 125
137 184
137 138
137 136
136 8
136 124
136 134
135 146
135 147
135 162
135 134
90 89
90 95
90 87
139 138
139 199
139 140
139 113
41 68
41 46
41 39
41 20
225 64
225 87
225 232
225 22
225 29
225 172
225 1
225 3
225 186
225 7
225 185
225 9
225 8
225 188
225 205
225 6
225 229
225 227
225 224
225 220
225 34
67 77
67 76
67 68
67 66
25 6
25 26
25 205
25 22
25 206
25 19
25 23
25 30
25 29
25 34
25 89
25 5
25 70
25 21
26 19
26 27
26 28
92 23
92 231
92 99
92 180
92 63
92 110
92 112
92 100
92 81
92 93
92 236
92 96
20 39
20 21
20 17
20 19
20 14
21 17
21 22
21 18
21 57
21 9
22 11
22 23
22 19
22 34
22 9
22 224
23 18
23 191
23 40
23 181
23 113
23 127
95 51
95 94
95 98
95 88
95 87
28 18
28 51
28 29
28 64
28 9
29 11
29 205
29 54
29 30
29 51
29 34
29 7
29 70
94 146
94 6
162 146
162 150
162 179
162 113
162 156
162 159
162 157
162 148
162 87
162 9
162 184
162 168
162 169
162 128
162 175
162 160
162 172
162 171
162 154
8 237
8 205
8 113
8 207
8 57
8 191
8 192
8 132
8 3
8 7
8 6
8 9
8 235
8 224
8 236
96 106
96 99
96 72
96 113
96 86
96 85
120 146
120 121
120 98
120 127
120 119
121 122
121 113
122 142
122 113
122 115
122 123
122 126
122 81
123 119
123 113
124 9
124 125
125 146
125 152
125 126
125 76
125 114
125 116
125 113
125 138
125 119
125 118
127 113
127 128
127 69
127 175
128 190
128 62
128 113
128 129
129 146
129 113
220 205
220 3
220 229
220 224
220 221
59 55
59 60
59 63
59 49
58 69
58 62
58 57
58 50
132 39
132 113
55 54
55 56
55 192
55 70
55 86
54 66
54 46
54 43
54 56
54 53
54 36
54 99
54 62
54 63
54 113
54 70
54 68
54 34
54 106
54 84
57 39
57 56
57 51
57 99
57 66
57 68
56 113
56 70
56 68
51 16
51 18
51 50
51 64
51 70
51 52
50 62
50 6
52 17
164 184
164 196
164 60
164 113
164 97
164 163
93 99
93 146
199 195
199 200
199 196
199 99
198 32
198 197
198 45
198 60
198 3
200 157
200 113
200 207
195 13
195 207
195 209
195 194
195 197
195 196
195 191
195 190
195 193
195 184
195 205
195 192
195 160
195 163
194 190
194 193
197 196
196 207
196 190
196 193
196 209
196 97
191 202
191 155
191 174
191 192
191 193
191 34
191 76
191 9
191 189
191 161
190 157
190 193
190 182
190 179
190 187
190 184
190 235
190 189
190 173
193 205
193 184
193 148
193 192
193 113
192 34
115 117
115 116
115 169
115 113
177 99
177 165
177 180
177 184
177 176
88 205
88 89
88 87
88 70
89 109
89 106
111 99
111 108
111 109
111 110
111 113
111 112
111 9
111 105
110 138
110 99
110 112
110 106
113 155
113 157
113 112
113 62
113 64
113 49
113 165
113 236
113 81
113 119
113 118
113 42
113 87
113 9
113 163
113 146
113 144
113 145
113 205
113 143
113 141
113 99
113 98
113 108
113 109
113 100
113 101
113 106
113 107
113 104
113 114
113 31
113 34
113 103
69 70
69 40
69 62
69 65
69 68
82 81
82 106
142 155
142 143
142 141
80 99
80 79
80 9
80 81
80 86
80 87
80 97
81 44
81 70
81 106
81 84
119 17
119 118
119 178
119 161
87 71
87 16
87 86
87 73
87 70
87 78
84 106
84 34
84 83
84 86
84 85
85 155
85 86
85 106
138 146
138 112
138 165
140 143
140 141
206 182
206 205
226 227
27 236
3 10
3 15
3 99
3 2
3 181
3 179
7 12
7 6
108 174
108 106
108 107
102 99
102 103
102 101
103 104
100 99
100 101
101 99
101 106
101 104
106 99
106 105
106 34
106 72
106 178
106 107
107 99
104 99
104 105
105 99
39 38
39 48
39 46
39 47
39 44
39 9
39 63
39 65
39 181
39 34
39 231
38 33
38 42
38 36
33 32
33 34
32 9
32 43
32 47
31 9
31 47
31 30
37 36
37 157
36 35
36 34
35 34
34 155
34 63
34 237
34 154
34 45
34 189
34 70
114 152
114 112
223 203
223 222
86 228
60 47
60 61
60 97
61 6
62 63
62 64
62 6
64 47
64 65
64 70
64 68
65 66
65 70
179 205
179 180
179 181
179 5
179 178
179 176
179 175
178 205
178 173
178 182
178 185
178 176
178 172
178 171
68 47
68 99
68 9
68 79
176 175
176 181
175 174
175 173
174 173
174 189
173 146
173 157
173 168
173 184
173 172
173 171
172 171
172 184
171 150
171 10
171 71
171 148
171 156
171 169
171 184
171 185
171 168
171 166
171 163
170 166
170 169
203 224
203 202
203 237
145 146
145 144
145 157
182 205
183 76
183 184
180 6
186 187
186 185
187 188
187 185
184 209
184 42
184 168
184 118
184 163
6 10
6 13
6 5
6 235
6 233
189 151
189 155
4 5
221 152
99 236
99 48
99 97
99 9
99 98
99 75
98 97
168 166
168 167
168 169
169 117
169 160
229 1
229 233
229 228
229 224
229 230
229 232
228 230
228 227
228 224
227 232
166 163
160 146
160 161
160 163
97 47
97 75
163 157
163 167
11 10
11 13
11 12
11 17
10 15
10 16
13 14
13 19
13 5
13 9
12 9
12 231
15 18
15 16
14 17
14 149
14 9
66 152
66 76
16 18
16 9
19 18
19 9
18 17
117 116
117 118
116 118
204 205
17 9
151 150
151 155
151 148
150 146
150 153
150 152
150 148
153 154
153 148
153 156
152 155
152 147
152 148
155 144
155 202
155 157
155 156
154 205
154 157
154 156
157 146
157 205
157 143
157 159
157 9
83 146
83 78
234 235
234 236
234 230
234 231
234 233
235 9
236 47
236 233
237 202
230 231
231 232
232 9
232 233
48 49
42 43
1 2
9 79
146 147
146 143
146 148
146 149
146 74
146 71
146 78
147 148
144 143
205 148
207 209
207 208
209 208
148 149
77 76
76 75
75 74
75 79
74 71
74 70
73 71
73 70
72 71
72 70
71 70
70 79
