171, 172
217, 225
171, 10
15, 16
18, 51
70, 87
88, 95
98, 120
133, 135
146, 148
162, 171
178, 205
195, 13
25, 34
39, 44
81, 122
25, 30
34, 45
62, 113
128, 133
146, 147
160, 213
228, 230
231, 12
29, 54
113, 9
21, 57
68, 99
101, 106
108, 113
119, 125
146, 157
162, 168
173, 184
190, 193
195, 196
207, 209
213, 214
215, 219
224, 8
39, 47
64, 68
79, 80
97, 99
100, 101
106, 108
113, 118
125, 137
143, 157
163, 166
168, 173
184, 190
193, 194
195, 196
207, 209
210, 213
214, 215
219, 225
227, 232
3, 15
16, 18
51, 70
87, 95
98, 120
133, 135
146, 148
171, 178
205, 29
34, 36
191, 213
7, 29
54, 113
5, 25
34, 39
44, 81
113, 122
20, 41
68, 91
99, 101
113, 132
3, 10
16, 18
51, 70
87, 95
98, 133
135, 162
171, 178
3, 10
15, 18
51, 70
87, 88
95, 98
120, 133
135, 146
148, 162
171, 178
205, 225
56, 68
99, 101
113, 119
157, 190
213, 214
216, 3
10, 15
16, 51
70, 87
95, 98
120, 133
135, 146
148, 162
171, 178
205, 25
34, 39
81, 106
130, 14
41, 68
91, 99
101, 113
132, 8
119, 125
146, 173
190, 193
209, 213
214, 29
34, 70
72, 106
108, 174
189, 191
213, 40
49, 59
113, 127
133, 141
175, 176
179, 5
6, 13
19, 26
29, 34
39, 44
70, 81
89, 106
109, 113
115, 122
130, 146
147, 152
160, 169
190, 213
214, 217
25, 70
152, 221
64, 65
70, 87
162, 171
225, 7
11, 12
22, 25
34, 36
54, 70
72, 106
108, 113
151, 155
161, 191
213, 6
43, 32
60, 97
196, 197
31, 47
60, 97
196, 197
198, 60
193, 195
196, 213
5, 6
11, 13
19, 22
25, 29
35, 36
39, 44
53, 54
66, 67
76, 77
81, 84
85, 106
113, 122
130, 142
146, 147
151, 155
160, 161
174, 189
191, 192
213, 34
11, 29
34, 191
213, 161
113, 193
195, 213
219, 5
9, 13
19, 25
34, 63
64, 68
81, 92
99, 101
106, 110
113, 122
125, 138
165, 177
184, 209
210, 213
23, 127
175, 176
14, 20
68, 91
99, 101
113, 132
43, 137
184, 195
219, 30
42, 184
195, 219
5, 13
25, 34
81, 122
6, 61
104, 113
144, 213
9, 32
60, 97
164, 184
193, 196
197, 198
54, 106
113, 23
113, 141
58, 62
69, 127
128, 162
179, 3
10, 15
16, 18
70, 87
95, 98
120, 133
135, 146
148, 162
171, 178
205, 157
34, 113
7, 12
29, 34
48, 99
106, 113
144, 155
189, 191
192, 195
199, 200
213, 219
228, 86
96, 113
114, 152
213, 17
106, 107
119, 178
190, 213
214, 8
76, 125
146, 162
173, 190
209, 213
214, 220
224, 229
50, 62
69, 127
128, 162
179, 181
23, 92
113, 31
32, 33
47, 97
196, 197
198, 45
6, 50
58, 69
127, 128
162, 179
228, 230
231, 39
92, 99
110, 138
165, 177
9, 28
39, 65
70, 71
73, 87
113, 146
150, 162
171, 184
185, 186
187, 210
213, 225
28, 64
70, 87
162, 171
225, 34
67, 76
155, 202
203, 223
237, 34
66, 76
202, 203
237, 8
9, 14
17, 20
39, 41
91, 99
100, 101
113, 125
157, 173
184, 190
193, 195
207, 209
213, 214
219, 50
58, 62
127, 128
162, 175
176, 179
181, 3
10, 15
16, 18
22, 25
26, 28
29, 51
64, 65
71, 72
73, 87
95, 98
106, 108
133, 135
146, 148
150, 152
162, 171
178, 185
186, 187
191, 213
225, 64
70, 73
146, 150
171, 185
186, 187
225, 22
29, 70
106, 108
191, 213
64, 70
71, 171
94, 146
148, 193
195, 196
213, 34
57, 66
67, 77
191, 202
203, 224
237, 34
76, 191
83, 146
148, 153
154, 205
9, 80
113, 157
159, 162
184, 213
9, 79
113, 157
162, 184
213, 5
13, 19
25, 34
39, 44
82, 106
113, 122
81, 113
78, 146
148, 153
154, 34
85, 106
113, 122
142, 155
189, 191
192, 34
84, 106
142, 155
189, 191
192, 55
96, 113
114, 152
213, 3
10, 15
16, 18
28, 51
64, 65
70, 88
90, 95
98, 133
135, 146
148, 149
153, 154
162, 171
172, 178
205, 206
225, 3
16, 87
133, 135
178, 205
206, 25
109, 113
115, 169
217, 87
146, 148
149, 14
20, 41
68, 99
101, 113
132, 39
59, 63
93, 99
110, 112
113, 129
138, 146
165, 177
180, 92
129, 146
74, 146
148, 212
3, 10
15, 16
18, 51
70, 87
98, 120
133, 135
146, 148
162, 171
178, 205
55, 86
106, 108
113, 114
152, 213
9, 31
32, 47
60, 164
184, 193
196, 197
198, 3
10, 15
16, 18
51, 70
87, 95
120, 133
135, 146
148, 162
171, 178
205, 8
9, 14
17, 20
39, 41
54, 63
68, 91
92, 100
101, 102
104, 105
106, 108
110, 111
113, 125
132, 133
138, 139
144, 145
157, 173
177, 184
190, 193
195, 199
200, 207
209, 213
214, 215
219, 220
229, 232
233, 236
9, 68
99, 101
184, 193
207, 213
8, 9
14, 17
20, 39
41, 68
91, 99
100, 113
157, 173
184, 190
193, 195
207, 213
214, 219
99, 113
133, 157
113, 133
218, 46
99, 105
113, 144
145, 157
190, 213
214, 99
104, 113
144, 145
190, 213
214, 8
9, 19
22, 25
29, 34
39, 48
54, 56
70, 72
81, 84
85, 96
99, 107
108, 113
114, 125
130, 142
152, 155
173, 178
184, 190
191, 195
209, 213
214, 215
219, 56
106, 178
190, 213
214, 8
9, 22
29, 70
72, 96
99, 106
113, 114
125, 152
173, 184
191, 195
209, 213
215, 219
25, 89
113, 115
169, 217
39, 63
92, 99
138, 165
177, 99
113, 144
163, 213
220, 229
232, 233
236, 92
113, 165
180, 6
7, 8
9, 12
13, 14
17, 20
23, 25
29, 34
38, 39
41, 46
48, 49
53, 54
55, 59
64, 68
79, 80
81, 82
84, 86
89, 91
92, 96
99, 101
102, 103
104, 105
106, 108
109, 111
112, 114
115, 116
117, 118
119, 123
124, 125
127, 133
134, 136
137, 140
141, 142
143, 144
145, 146
148, 152
153, 154
155, 157
159, 162
163, 167
169, 170
171, 173
175, 176
179, 180
184, 190
193, 195
196, 199
209, 210
213, 214
215, 217
218, 219
220, 225
229, 230
232, 233
234, 236
55, 86
96, 106
108, 113
152, 213
25, 89
109, 113
117, 169
217, 113
195, 213
219, 113
115, 217
9, 113
137, 184
190, 213
214, 8
17, 21
56, 113
125, 146
157, 173
190, 193
209, 213
214, 216
3, 10
16, 18
51, 95
98, 133
135, 146
148, 171
182, 205
146, 148
205, 225
5, 13
25, 34
39, 44
81, 84
146, 148
155, 191
205, 113
124, 136
113, 123
136, 8
9, 21
39, 57
68, 99
106, 108
113, 119
146, 173
184, 190
193, 195
209, 213
214, 215
219, 224
146, 148
23, 40
50, 58
62, 69
113, 128
133, 162
175, 176
179, 181
6, 50
58, 62
69, 127
162, 175
176, 179
228, 230
231, 92
93, 146
19, 25
34, 106
160, 195
14, 20
41, 91
99, 3
6, 10
15, 16
18, 23
51, 70
87, 88
95, 98
99, 102
103, 113
120, 127
134, 135
146, 148
162, 169
171, 178
179, 205
213, 113
133, 3
10, 15
16, 18
51, 70
87, 88
95, 98
120, 133
146, 148
162, 171
178, 205
113, 123
124, 9
42, 113
118, 184
190, 195
213, 214
219, 39
63, 92
99, 110
165, 177
99, 199
200, 113
213, 23
49, 113
34, 84
85, 106
113, 155
191, 9
113, 163
184, 193
195, 213
219, 232
46, 54
99, 104
105, 111
113, 145
190, 213
214, 99
104, 105
113, 144
190, 213
214, 3
6, 8
10, 16
18, 21
25, 34
51, 57
64, 70
71, 74
78, 83
87, 90
92, 93
94, 95
98, 113
119, 120
121, 122
125, 126
129, 133
135, 147
148, 149
150, 153
154, 156
160, 162
171, 173
178, 182
185, 186
187, 190
193, 205
207, 208
209, 213
214, 220
224, 225
229, 232
233, 6
25, 34
146, 160
213, 3
10, 16
18, 51
70, 74
78, 83
87, 90
94, 95
98, 113
120, 121
122, 126
133, 135
146, 149
153, 154
156, 162
171, 178
182, 190
205, 213
214, 220
225, 229
232, 233
87, 90
146, 148
64, 70
71, 146
171, 185
186, 187
225, 29
34, 155
191, 213
25, 26
55, 70
86, 96
106, 108
113, 114
213, 222
78, 83
87, 113
146, 148
154, 156
162, 171
205, 220
225, 229
232, 233
78, 83
87, 113
146, 148
153, 156
162, 171
205, 220
225, 229
232, 233
29, 34
54, 66
84, 85
106, 113
122, 142
151, 189
191, 192
213, 146
148, 153
154, 205
8, 9
17, 52
68, 79
80, 99
101, 102
104, 113
119, 161
162, 168
173, 184
190, 193
195, 199
213, 214
219, 79
113, 213
6, 25
34, 131
146, 147
195, 213
29, 34
37, 157
3, 8
15, 16
18, 28
50, 51
57, 58
62, 64
65, 69
70, 79
80, 87
95, 98
113, 127
128, 133
135, 146
148, 153
154, 157
166, 170
171, 172
173, 175
176, 178
179, 190
213, 214
224, 225
9, 111
113, 143
184, 193
195, 213
219, 220
225, 229
232, 233
236, 47
97, 196
197, 198
39, 63
92, 110
112, 138
177, 180
9, 162
184, 190
213, 214
113, 8
9, 157
173, 184
213, 25
89, 109
113, 115
133, 217
113, 162
1, 2
3, 10
15, 16
18, 28
51, 64
65, 70
71, 73
87, 95
98, 113
120, 133
135, 146
148, 150
153, 154
162, 172
178, 185
186, 187
190, 196
205, 213
214, 217
225, 1
87, 162
171, 217
225, 8
9, 21
57, 68
99, 101
106, 108
113, 119
125, 146
157, 162
168, 184
190, 193
195, 196
207, 209
213, 214
215, 219
224, 22
34, 189
191, 23
40, 69
113, 127
128, 162
176, 179
181, 23
40, 69
113, 127
128, 162
175, 179
181, 39
63, 92
99, 110
138, 165
3, 10
15, 16
18, 51
56, 70
87, 88
95, 98
106, 107
133, 135
146, 148
162, 171
190, 213
214, 23
50, 58
62, 69
113, 127
128, 133
162, 175
176, 181
92, 112
113, 165
58, 69
127, 175
176, 179
120, 146
148, 205
202, 203
237, 8
9, 39
42, 43
47, 64
68, 79
80, 97
99, 100
101, 106
108, 113
118, 125
137, 143
157, 163
166, 168
173, 190
193, 194
195, 196
207, 209
210, 213
214, 215
219, 225
227, 232
64, 70
71, 146
150, 171
186, 187
188, 225
64, 70
71, 146
150, 171
185, 187
225, 64
70, 71
146, 150
171, 185
186, 225
185, 225
22, 34
54, 84
85, 155
174, 191
192, 8
9, 17
21, 25
56, 57
68, 99
101, 104
105, 106
107, 113
118, 119
125, 137
144, 145
146, 148
157, 162
166, 171
173, 178
184, 193
194, 195
196, 207
208, 209
213, 214
216, 219
224, 228
230, 231
234, 235
11, 22
29, 34
36, 54
70, 72
76, 77
84, 85
106, 108
122, 142
151, 155
174, 189
192, 213
34, 54
84, 85
155, 189
191, 8
9, 21
33, 38
47, 68
75, 97
99, 100
101, 113
119, 125
143, 146
157, 163
173, 184
190, 194
195, 196
207, 208
209, 213
214, 219
232, 9
184, 190
193, 196
213, 4
8, 9
33, 38
42, 43
54, 68
75, 99
101, 106
108, 113
116, 125
131, 137
143, 157
160, 163
173, 184
190, 193
196, 207
209, 213
214, 215
219, 220
225, 229
232, 233
236, 8
9, 31
32, 33
47, 60
75, 97
113, 164
171, 173
184, 190
193, 194
195, 197
198, 213
214, 31
32, 47
60, 97
164, 196
198, 32
47, 60
97, 164
196, 197
54, 99
113, 139
157, 200
54, 99
139, 199
66, 67
76, 183
203, 237
66, 67
76, 183
202, 237
220, 3
10, 16
18, 51
78, 87
88, 95
98, 120
121, 122
133, 135
146, 148
153, 154
156, 171
182, 206
225, 87
88, 205
8, 9
68, 99
100, 101
146, 173
184, 190
193, 195
208, 213
219, 146
190, 193
207, 8
9, 21
39, 57
68, 99
106, 108
113, 119
125, 146
173, 184
190, 193
195, 213
214, 215
219, 224
9, 39
64, 113
184, 213
94, 6
8, 9
11, 17
21, 22
25, 29
33, 34
36, 38
39, 46
54, 55
56, 57
64, 68
70, 72
75, 79
80, 86
96, 99
100, 101
104, 105
106, 107
108, 111
113, 114
116, 118
119, 125
133, 137
140, 143
144, 145
146, 147
148, 151
152, 155
157, 159
160, 162
163, 166
168, 171
173, 178
184, 190
191, 193
194, 195
196, 207
209, 210
214, 215
216, 219
220, 224
225, 227
228, 229
230, 231
232, 233
234, 235
236, 8
9, 17
21, 25
56, 57
68, 99
101, 104
105, 106
107, 113
118, 119
125, 137
144, 145
146, 148
157, 162
166, 171
173, 178
184, 190
193, 195
196, 209
213, 216
219, 224
228, 230
231, 234
235, 8
9, 99
106, 108
113, 125
173, 184
195, 209
213, 219
17, 119
190, 213
214, 1
25, 89
109, 113
115, 117
169, 171
172, 225
103, 113
8, 9
38, 42
43, 54
68, 99
101, 106
108, 113
116, 125
137, 143
157, 163
173, 184
190, 193
195, 207
209, 213
214, 215
220, 225
229, 232
233, 236
57, 99
111, 113
146, 148
153, 154
163, 195
204, 213
219, 224
225, 229
232, 233
236, 27
152, 66
8, 57
76, 125
146, 162
173, 190
209, 213
214, 220
229, 1
9, 16
28, 64
65, 70
71, 87
113, 121
146, 148
150, 153
154, 162
163, 171
172, 184
185, 186
187, 188
195, 205
213, 217
219, 220
226, 227
229, 232
233, 236
225, 9
184, 213
225, 6
54, 62
128, 190
213, 214
230, 231
234, 235
57, 99
111, 113
146, 148
153, 154
163, 195
213, 219
220, 224
225, 232
233, 236
6, 62
113, 128
190, 213
214, 228
231, 234
235, 6
62, 128
190, 213
214, 228
230, 234
235, 9
99, 111
113, 143
146, 148
153, 154
163, 184
193, 195
213, 219
220, 225
229, 233
236, 99
111, 113
146, 148
153, 154
163, 195
213, 219
220, 225
229, 232
236, 113
190, 213
214, 228
230, 231
235, 190
213, 214
228, 230
231, 234
99, 111
113, 163
195, 213
219, 220
225, 229
232, 233
66, 67
76, 183
202, 203
1, 1
1, 1
2, 3
3, 3
3, 3
3, 3
3, 3
3, 3
3, 3
3, 3
3, 3
3, 3
4, 5
5, 5
5, 5
5, 5
6, 6
6, 6
6, 6
6, 6
6, 6
6, 6
6, 6
6, 7
7, 7
7, 8
8, 8
8, 8
8, 8
8, 8
8, 8
8, 8
8, 8
8, 8
8, 8
8, 8
8, 8
8, 8
8, 8
8, 9
9, 9
9, 9
9, 9
9, 9
9, 9
9, 9
9, 9
9, 9
9, 9
9, 9
9, 9
9, 9
9, 9
9, 9
9, 9
9, 9
9, 9
9, 9
9, 9
10, 10
10, 10
10, 10
10, 10
10, 10
10, 10
10, 10
10, 10
10, 11
11, 11
11, 11
12, 12
12, 12
13, 13
13, 13
13, 13
13, 13
14, 14
14, 14
14, 14
14, 14
15, 15
15, 15
15, 15
15, 15
15, 15
15, 15
15, 15
16, 16
16, 16
16, 16
16, 16
16, 16
16, 16
16, 16
16, 16
16, 16
16, 16
17, 17
17, 17
17, 17
17, 17
17, 17
17, 18
18, 18
18, 18
18, 18
18, 18
18, 18
18, 18
18, 18
18, 18
18, 19
19, 19
19, 19
19, 20
20, 20
20, 20
20, 20
20, 21
21, 21
21, 21
21, 21
21, 21
21, 22
22, 22
22, 22
22, 22
22, 22
22, 23
23, 23
23, 23
23, 23
23, 23
23, 25
25, 25
25, 25
25, 25
25, 25
25, 25
25, 25
25, 25
25, 25
25, 25
25, 25
25, 25
25, 25
25, 25
26, 26
26, 27
28, 28
28, 28
28, 28
28, 29
29, 29
29, 29
29, 29
29, 29
29, 29
29, 29
29, 29
29, 29
29, 30
30, 31
31, 31
31, 31
32, 32
32, 32
32, 32
32, 33
33, 33
33, 33
34, 34
34, 34
34, 34
34, 34
34, 34
34, 34
34, 34
34, 34
34, 34
34, 34
34, 34
34, 34
34, 34
34, 34
34, 34
34, 34
34, 34
34, 34
34, 35
36, 36
36, 36
36, 37
38, 38
38, 38
38, 39
39, 39
39, 39
39, 39
39, 39
39, 39
39, 39
39, 39
39, 39
39, 39
39, 39
39, 39
39, 39
40, 40
40, 40
41, 41
41, 41
41, 41
41, 41
42, 42
42, 42
42, 43
43, 43
43, 43
44, 44
44, 44
44, 44
45, 45
46, 46
46, 46
47, 47
47, 47
47, 47
47, 47
47, 47
48, 48
48, 49
49, 49
50, 50
50, 50
50, 50
50, 51
51, 51
51, 51
51, 51
51, 51
51, 51
51, 51
51, 51
51, 51
51, 52
53, 53
54, 54
54, 54
54, 54
54, 54
54, 54
54, 54
54, 54
54, 54
54, 54
54, 55
55, 55
55, 55
55, 56
56, 56
56, 56
56, 56
56, 57
57, 57
57, 57
57, 57
57, 57
57, 57
57, 57
58, 58
58, 58
58, 58
58, 58
59, 59
59, 60
60, 60
60, 60
60, 60
60, 61
62, 62
62, 62
62, 62
62, 62
62, 62
62, 63
63, 63
63, 63
63, 63
64, 64
64, 64
64, 64
64, 64
64, 64
64, 64
64, 64
64, 64
64, 64
64, 64
65, 65
65, 65
65, 65
65, 66
66, 66
66, 66
66, 66
66, 67
67, 67
67, 67
67, 68
68, 68
68, 68
68, 68
68, 68
68, 68
68, 68
68, 68
68, 68
68, 68
68, 68
68, 68
68, 69
69, 69
69, 69
69, 69
69, 69
69, 70
70, 70
70, 70
70, 70
70, 70
70, 70
70, 70
70, 70
70, 70
70, 70
70, 70
70, 70
70, 70
70, 70
70, 70
70, 70
70, 70
70, 70
70, 71
71, 71
71, 71
71, 71
71, 71
71, 72
72, 72
72, 72
72, 72
73, 73
73, 73
74, 74
74, 75
75, 75
75, 76
76, 76
76, 76
76, 76
76, 76
76, 77
77, 77
78, 78
78, 78
78, 78
79, 79
79, 79
79, 79
79, 79
80, 80
80, 80
80, 80
80, 81
81, 81
81, 81
81, 81
81, 81
81, 81
82, 82
83, 83
83, 83
83, 84
84, 84
84, 84
84, 84
84, 84
84, 85
85, 85
85, 85
85, 85
85, 86
86, 86
86, 86
86, 87
87, 87
87, 87
87, 87
87, 87
87, 87
87, 87
87, 87
87, 87
87, 87
87, 87
87, 87
87, 87
87, 87
87, 88
88, 88
88, 88
88, 88
88, 89
89, 89
89, 89
89, 90
90, 90
90, 91
91, 91
91, 91
91, 91
91, 92
92, 92
92, 92
92, 92
92, 92
92, 92
92, 92
92, 93
93, 93
94, 94
94, 94
95, 95
95, 95
95, 95
95, 95
95, 95
95, 95
95, 95
95, 95
95, 95
96, 96
96, 96
96, 96
96, 96
97, 97
97, 97
97, 97
97, 97
97, 97
97, 98
98, 98
98, 98
98, 98
98, 98
98, 98
98, 98
98, 98
98, 98
98, 99
99, 99
99, 99
99, 99
99, 99
99, 99
99, 99
99, 99
99, 99
99, 99
99, 99
99, 99
99, 99
99, 99
99, 99
99, 99
99, 99
99, 99
99, 99
99, 99
99, 99
99, 99
99, 99
99, 99
99, 99
100, 100
100, 100
100, 100
100, 100
101, 101
101, 101
101, 101
101, 101
101, 101
101, 101
101, 101
101, 101
101, 101
101, 101
101, 101
102, 102
102, 102
103, 103
103, 104
104, 104
104, 104
104, 104
104, 104
104, 105
105, 105
105, 105
105, 105
105, 106
106, 106
106, 106
106, 106
106, 106
106, 106
106, 106
106, 106
106, 106
106, 106
106, 106
106, 106
106, 106
106, 106
106, 106
106, 106
106, 106
106, 106
106, 106
106, 107
107, 107
107, 107
107, 108
108, 108
108, 108
108, 108
108, 108
108, 108
108, 108
108, 108
108, 108
108, 108
108, 108
109, 109
109, 109
109, 109
110, 110
110, 110
110, 110
110, 111
111, 111
111, 111
111, 111
111, 111
111, 112
112, 112
112, 113
113, 113
113, 113
113, 113
113, 113
113, 113
113, 113
113, 113
113, 113
113, 113
113, 113
113, 113
113, 113
113, 113
113, 113
113, 113
113, 113
113, 113
113, 113
113, 113
113, 113
113, 113
113, 113
113, 113
113, 113
113, 113
113, 113
113, 113
113, 113
113, 113
113, 113
113, 113
113, 113
113, 113
113, 113
113, 113
113, 113
113, 113
113, 113
113, 113
113, 113
113, 113
113, 113
113, 113
113, 113
113, 113
113, 113
113, 113
113, 113
113, 113
113, 113
113, 113
113, 113
113, 113
114, 114
114, 114
114, 114
114, 114
115, 115
115, 115
115, 115
115, 116
116, 116
116, 117
117, 117
118, 118
118, 118
118, 118
118, 119
119, 119
119, 119
119, 119
119, 119
119, 119
119, 119
119, 119
120, 120
120, 120
120, 120
120, 120
120, 120
120, 120
120, 120
121, 121
121, 121
122, 122
122, 122
122, 122
122, 122
122, 122
122, 122
122, 123
123, 123
124, 124
124, 125
125, 125
125, 125
125, 125
125, 125
125, 125
125, 125
125, 125
125, 125
125, 125
125, 125
125, 125
126, 126
127, 127
127, 127
127, 127
127, 127
127, 127
127, 127
127, 127
128, 128
128, 128
128, 128
128, 128
128, 128
128, 128
128, 129
129, 129
130, 130
130, 130
131, 131
132, 132
132, 132
132, 133
133, 133
133, 133
133, 133
133, 133
133, 133
133, 133
133, 133
133, 133
133, 133
133, 133
133, 133
133, 133
133, 133
133, 133
133, 134
134, 135
135, 135
135, 135
135, 135
135, 135
135, 135
135, 135
135, 135
135, 135
135, 135
136, 136
136, 137
137, 137
137, 137
137, 137
137, 137
137, 138
138, 138
138, 138
138, 138
139, 139
139, 140
140, 141
141, 141
142, 142
142, 142
142, 142
142, 143
143, 143
143, 143
143, 143
143, 143
144, 144
144, 144
144, 144
144, 144
144, 144
144, 145
145, 145
145, 145
145, 145
145, 146
146, 146
146, 146
146, 146
146, 146
146, 146
146, 146
146, 146
146, 146
146, 146
146, 146
146, 146
146, 146
146, 146
146, 146
146, 146
146, 146
146, 146
146, 146
146, 146
146, 146
146, 146
146, 146
146, 146
146, 146
146, 146
146, 146
146, 146
146, 146
146, 146
146, 146
146, 146
146, 147
147, 147
147, 147
147, 148
148, 148
148, 148
148, 148
148, 148
148, 148
148, 148
148, 148
148, 148
148, 148
148, 148
148, 148
148, 148
148, 148
148, 148
148, 148
148, 148
148, 148
148, 148
148, 148
149, 149
149, 149
150, 150
150, 150
150, 150
150, 150
150, 151
151, 151
151, 151
152, 152
152, 152
152, 152
152, 152
152, 152
152, 152
153, 153
153, 153
153, 153
153, 153
153, 153
153, 153
153, 153
153, 153
154, 154
154, 154
154, 154
154, 154
154, 154
154, 154
154, 154
154, 154
155, 155
155, 155
155, 155
155, 155
155, 155
155, 155
155, 155
155, 156
156, 156
156, 156
157, 157
157, 157
157, 157
157, 157
157, 157
157, 157
157, 157
157, 157
157, 157
157, 157
157, 157
157, 157
157, 159
159, 159
160, 160
160, 160
160, 160
160, 160
161, 161
161, 161
162, 162
162, 162
162, 162
162, 162
162, 162
162, 162
162, 162
162, 162
162, 162
162, 162
162, 162
162, 162
162, 162
162, 162
162, 162
162, 162
162, 162
162, 162
162, 162
162, 162
162, 162
162, 162
163, 163
163, 163
163, 163
163, 163
163, 163
163, 163
163, 163
163, 164
164, 164
164, 164
165, 165
165, 165
165, 165
165, 165
166, 166
166, 166
166, 166
167, 168
168, 168
168, 168
168, 169
169, 169
169, 169
169, 169
170, 170
171, 171
171, 171
171, 171
171, 171
171, 171
171, 171
171, 171
171, 171
171, 171
171, 171
171, 171
171, 171
171, 171
171, 171
171, 171
171, 171
171, 171
171, 171
171, 171
171, 172
172, 172
172, 172
172, 173
173, 173
173, 173
173, 173
173, 173
173, 173
173, 173
173, 173
173, 173
173, 173
173, 173
173, 173
173, 173
173, 173
173, 174
174, 174
174, 175
175, 175
175, 175
175, 175
175, 175
175, 176
176, 176
176, 176
176, 176
176, 176
176, 177
177, 177
177, 177
177, 177
178, 178
178, 178
178, 178
178, 178
178, 178
178, 178
178, 178
178, 178
178, 178
178, 178
178, 178
178, 179
179, 179
179, 179
179, 179
179, 179
179, 179
179, 179
180, 180
180, 180
181, 181
181, 181
181, 181
182, 182
182, 182
183, 183
183, 184
184, 184
184, 184
184, 184
184, 184
184, 184
184, 184
184, 184
184, 184
184, 184
184, 184
184, 184
184, 184
184, 184
184, 184
184, 184
184, 184
184, 184
184, 184
184, 184
184, 184
185, 185
185, 185
185, 185
185, 185
185, 185
186, 186
186, 186
186, 186
186, 186
186, 187
187, 187
187, 187
187, 187
187, 187
188, 188
189, 189
189, 189
189, 189
189, 189
189, 190
190, 190
190, 190
190, 190
190, 190
190, 190
190, 190
190, 190
190, 190
190, 190
190, 190
190, 190
190, 190
190, 190
190, 190
190, 190
190, 190
190, 190
190, 190
190, 190
190, 190
190, 190
190, 190
190, 190
191, 191
191, 191
191, 191
191, 191
191, 191
191, 191
191, 191
191, 191
191, 191
191, 191
191, 191
192, 192
192, 192
192, 192
192, 193
193, 193
193, 193
193, 193
193, 193
193, 193
193, 193
193, 193
193, 193
193, 193
193, 193
193, 193
193, 193
193, 193
193, 193
193, 193
193, 194
194, 194
194, 194
194, 195
195, 195
195, 195
195, 195
195, 195
195, 195
195, 195
195, 195
195, 195
195, 195
195, 195
195, 195
195, 195
195, 195
195, 195
195, 195
195, 195
195, 195
195, 195
195, 195
195, 196
196, 196
196, 196
196, 196
196, 196
196, 196
196, 196
196, 196
196, 196
196, 196
196, 196
196, 197
197, 197
197, 197
197, 197
197, 198
198, 198
198, 198
198, 198
199, 199
199, 199
199, 199
200, 200
200, 200
202, 202
202, 202
202, 202
203, 203
203, 203
203, 203
204, 205
205, 205
205, 205
205, 205
205, 205
205, 205
205, 205
205, 205
205, 205
205, 205
205, 205
205, 205
205, 206
206, 206
207, 207
207, 207
207, 207
207, 207
207, 207
207, 207
207, 207
207, 208
208, 208
208, 209
209, 209
209, 209
209, 209
209, 209
209, 209
209, 209
209, 209
209, 209
209, 209
209, 209
209, 209
210, 210
210, 210
210, 210
212, 213
213, 213
213, 213
213, 213
213, 213
213, 213
213, 213
213, 213
213, 213
213, 213
213, 213
213, 213
213, 213
213, 213
213, 213
213, 213
213, 213
213, 213
213, 213
213, 213
213, 213
213, 213
213, 213
213, 213
213, 213
213, 213
213, 213
213, 213
213, 213
213, 213
213, 213
213, 213
213, 213
213, 213
213, 213
213, 213
213, 213
213, 213
213, 213
213, 213
213, 213
213, 213
213, 213
213, 213
213, 213
213, 213
213, 214
214, 214
214, 214
214, 214
214, 214
214, 214
214, 214
214, 214
214, 214
214, 214
214, 214
214, 214
214, 214
214, 214
214, 214
214, 214
214, 214
214, 214
214, 214
214, 214
214, 214
214, 214
214, 215
215, 215
215, 215
215, 215
215, 215
215, 215
215, 215
216, 216
216, 216
216, 217
217, 217
217, 217
217, 217
217, 217
217, 217
218, 218
219, 219
219, 219
219, 219
219, 219
219, 219
219, 219
219, 219
219, 219
219, 219
219, 219
219, 219
219, 219
219, 219
219, 219
219, 219
219, 219
219, 219
220, 220
220, 220
220, 220
220, 220
220, 220
220, 220
220, 220
220, 220
220, 220
220, 221
222, 223
224, 224
224, 224
224, 224
224, 224
224, 224
224, 224
224, 225
225, 225
225, 225
225, 225
225, 225
225, 225
225, 225
225, 225
225, 225
225, 225
225, 225
225, 225
225, 225
225, 225
225, 225
225, 225
225, 225
225, 225
225, 225
226, 227
227, 227
227, 228
228, 228
228, 228
228, 228
228, 228
228, 228
229, 229
229, 229
229, 229
229, 229
229, 229
229, 229
229, 229
229, 229
229, 229
230, 230
230, 230
230, 230
230, 230
230, 230
230, 231
231, 231
231, 231
231, 231
231, 231
231, 232
232, 232
232, 232
232, 232
232, 232
232, 232
232, 232
232, 232
232, 232
232, 232
232, 233
233, 233
233, 233
233, 233
233, 233
233, 233
233, 233
233, 233
233, 234
234, 234
234, 234
234, 234
234, 235
235, 235
235, 235
235, 235
236, 236
236, 236
236, 236
236, 236
236, 236
236, 236
237, 237
237, 237
237, 237
