344 430
344 395
344 398
344 345
344 346
344 343
344 421
344 367
344 348
344 369
344 281
344 386
344 388
344 377
344 362
344 414
344 356
344 354
344 353
344 352
344 351
344 350
344 371
344 375
344 359
344 358
345 346
345 433
345 424
345 343
346 393
346 394
346 399
346 356
346 347
346 327
346 324
346 369
346 421
346 367
346 328
346 348
346 349
346 360
346 361
346 206
346 343
346 290
346 383
346 384
346 389
346 372
346 362
346 414
346 378
346 416
346 354
346 353
346 352
346 351
346 350
346 436
346 512
346 377
346 358
347 414
347 357
347 353
347 385
347 351
347 343
347 371
347 373
347 348
347 349
347 408
340 339
340 338
340 334
340 336
340 383
340 341
340 343
340 281
340 367
340 328
341 338
341 334
341 337
341 336
341 333
341 342
341 343
341 425
342 339
342 31
342 332
342 343
342 328
343 660
343 288
343 281
343 5
343 283
343 282
343 348
343 349
343 286
343 263
343 421
343 379
343 416
343 299
343 297
343 373
343 372
343 292
343 374
343 290
343 376
343 594
343 313
343 312
343 316
343 314
343 393
343 392
343 395
343 399
343 414
343 366
343 367
343 364
343 365
343 362
343 424
343 308
343 300
343 302
343 381
343 383
343 384
343 385
343 386
343 387
343 388
343 249
343 418
343 513
343 339
343 338
343 334
343 337
343 336
343 331
343 330
343 333
343 332
343 404
343 405
343 541
343 401
343 467
343 565
343 566
343 226
343 549
343 284
343 150
343 230
343 322
343 321
343 326
343 327
343 324
343 325
343 328
343 329
343 207
343 206
343 208
343 357
343 356
343 354
343 352
343 351
343 358
348 392
348 352
348 351
348 350
348 349
349 350
349 394
349 416
349 356
349 421
349 359
606 605
606 604
606 621
606 597
606 612
606 610
606 541
606 644
606 647
606 655
619 605
619 618
619 556
619 634
619 625
619 612
619 628
619 577
619 621
619 553
619 565
619 620
619 5
619 601
619 655
298 308
298 300
298 321
298 299
298 296
298 297
298 283
298 292
299 338
299 311
299 310
299 317
299 315
299 288
299 321
299 324
299 281
299 283
299 284
299 286
299 309
299 206
299 300
299 301
299 302
299 305
299 267
299 386
299 328
299 296
299 297
299 294
299 295
299 292
299 290
299 291
296 305
296 281
296 297
296 295
296 291
297 308
297 282
297 283
297 321
297 301
297 311
297 310
297 293
297 281
297 273
297 294
297 314
297 284
294 282
294 310
294 321
294 281
294 295
294 292
294 293
295 301
295 284
295 293
295 290
292 301
292 300
292 284
292 311
292 315
292 328
292 288
292 321
292 281
292 283
292 282
292 285
292 293
292 287
292 291
293 309
293 667
293 301
293 284
293 288
293 321
293 324
293 185
293 281
293 328
293 287
290 302
290 288
290 274
290 324
290 281
290 283
290 268
290 285
290 284
290 291
291 281
291 307
291 288
291 73
591 586
591 590
591 593
591 592
591 594
591 597
591 573
591 610
591 565
591 589
590 586
590 579
590 592
590 627
590 583
590 603
590 604
590 599
590 561
590 589
590 580
590 525
590 582
590 594
593 586
593 592
593 594
592 579
592 594
592 603
592 604
592 645
595 604
595 584
595 634
595 594
595 636
595 596
595 599
595 611
595 615
595 640
595 653
595 644
198 200
198 203
198 202
198 199
198 206
198 195
198 194
198 197
198 209
198 244
198 189
597 604
597 621
597 601
597 594
597 603
597 596
597 599
597 598
597 609
597 579
597 575
597 660
597 582
597 490
597 600
597 602
597 655
597 4
597 666
597 507
597 586
597 633
597 634
597 583
597 612
597 610
597 565
597 615
597 643
597 648
597 539
596 586
596 604
596 621
596 594
596 580
596 560
596 610
596 609
596 565
596 636
596 599
596 583
596 644
596 634
596 600
195 212
195 213
195 210
195 194
195 197
195 196
195 190
195 193
195 192
195 110
195 288
195 185
195 281
195 188
195 189
195 200
195 204
195 206
195 209
195 77
195 228
194 206
194 185
194 191
194 190
194 193
194 192
194 218
194 228
194 188
197 203
197 205
197 206
197 196
197 191
197 242
197 219
197 185
197 199
197 228
197 234
197 90
197 189
197 230
197 204
196 201
196 203
196 204
196 190
196 184
191 144
191 202
191 213
191 206
191 190
191 192
191 208
191 244
191 180
191 241
191 184
191 185
191 189
191 231
190 193
190 192
190 116
190 111
190 112
190 230
190 187
190 185
190 281
190 188
190 189
190 201
190 202
190 204
190 206
190 248
190 221
190 59
193 205
193 192
193 185
193 189
192 204
192 208
192 225
270 276
270 206
270 277
270 263
270 271
270 258
270 274
270 275
270 265
270 279
270 281
270 267
270 268
271 277
271 279
271 258
271 273
271 267
271 275
271 280
271 281
271 274
272 123
272 259
272 185
272 310
272 267
272 278
272 273
272 274
272 275
272 276
272 277
272 281
272 279
272 269
272 266
273 258
273 263
273 274
273 266
273 279
273 281
273 236
273 268
274 265
274 206
274 247
274 267
274 276
274 277
274 281
274 278
274 254
275 263
275 244
275 315
275 276
275 279
275 283
275 223
276 267
276 277
276 278
276 185
276 281
276 279
277 230
277 324
277 262
277 301
277 397
277 281
277 258
277 204
277 280
277 278
277 279
277 244
277 251
277 375
277 286
278 281
278 279
278 254
279 281
279 267
279 280
279 269
524 536
524 523
524 525
524 526
524 527
524 520
524 522
524 530
525 579
525 536
525 526
525 527
525 530
525 507
525 504
525 512
525 528
525 519
525 517
525 516
526 541
526 536
526 509
526 527
526 508
526 530
526 507
526 512
527 565
527 541
527 521
527 530
527 528
520 621
520 609
520 494
520 522
520 546
520 508
520 509
520 507
520 493
520 631
520 634
520 468
520 565
520 519
520 518
520 476
520 539
520 530
520 513
520 512
520 515
520 514
520 517
520 516
521 625
521 523
521 533
521 532
521 522
521 530
521 510
521 513
521 539
521 490
521 507
521 517
522 509
522 510
522 514
522 519
522 483
522 523
522 567
522 542
522 518
522 535
522 533
522 530
522 497
522 528
522 491
522 517
522 532
523 528
523 518
523 530
523 513
523 490
599 631
599 621
599 585
599 601
599 600
599 604
599 598
599 602
599 565
599 608
599 519
599 540
599 582
599 603
599 618
599 607
599 611
528 530
528 511
528 515
528 529
529 618
529 565
529 530
529 507
529 516
449 448
449 450
449 442
449 440
449 447
449 446
449 445
449 421
449 438
449 436
449 507
449 418
448 464
448 461
448 447
448 451
448 436
448 422
443 442
443 413
443 445
443 444
443 414
443 400
443 436
443 478
442 580
442 441
442 440
442 446
442 445
442 444
442 414
442 428
442 416
442 433
442 438
442 439
442 421
442 437
442 432
442 436
442 430
442 426
441 468
441 440
441 460
441 445
441 463
441 438
441 451
441 421
441 437
441 423
441 431
440 465
440 460
440 445
440 444
440 533
440 438
440 439
440 436
440 434
440 457
440 467
440 433
447 459
447 450
447 451
447 466
447 446
447 445
447 460
447 456
447 464
447 494
447 504
447 483
446 464
446 467
446 455
446 463
446 445
446 489
445 458
445 459
445 450
445 451
445 452
445 455
445 456
445 408
445 395
445 495
445 497
445 492
445 468
445 472
445 405
445 301
445 650
445 464
445 421
445 420
445 502
445 467
445 409
445 501
445 474
445 460
445 466
445 463
445 444
445 386
445 507
445 485
445 462
445 480
445 509
445 414
445 415
445 416
445 539
445 438
445 439
445 436
445 437
445 435
445 418
445 433
445 430
445 431
444 464
444 467
444 432
444 436
444 437
444 418
108 146
108 123
108 235
108 142
108 143
108 95
108 102
108 172
108 60
108 114
108 109
108 111
108 106
108 70
108 68
108 90
108 175
108 149
108 118
108 107
108 85
109 106
109 98
109 123
109 111
109 110
109 102
109 93
109 101
109 95
109 107
102 101
102 132
102 107
102 99
102 98
102 75
102 113
102 90
102 100
102 92
102 106
102 118
102 97
103 667
103 666
103 127
103 105
103 120
103 123
103 110
103 70
103 134
103 101
103 106
103 87
103 104
103 78
100 122
100 88
100 107
100 99
100 98
100 131
100 90
100 101
100 95
100 94
101 117
101 111
101 110
101 113
101 90
101 173
101 118
101 95
101 184
101 96
101 142
101 140
101 149
101 99
101 98
101 122
101 123
101 127
101 92
101 106
101 104
101 58
101 14
101 75
106 105
106 83
106 148
106 118
106 75
106 111
106 110
106 184
106 90
106 107
106 104
106 170
107 123
107 98
107 119
107 1
107 75
107 110
107 7
107 127
107 95
107 129
107 96
107 118
107 97
107 85
104 138
104 149
104 111
104 281
104 105
105 117
105 111
105 90
105 95
39 10
39 38
39 20
39 49
39 32
39 44
39 23
39 37
39 43
39 35
39 41
39 75
39 40
39 7
39 53
39 50
38 27
38 71
38 16
38 31
38 45
38 37
38 43
38 35
38 41
38 7
38 44
38 50
33 23
33 32
33 31
33 37
33 35
33 34
33 63
33 7
32 31
32 37
32 50
32 34
32 63
32 7
31 36
31 51
31 337
31 22
31 552
31 63
31 65
31 135
31 53
31 84
31 24
31 25
31 26
31 27
31 20
31 21
31 48
31 49
31 46
31 23
31 44
31 42
31 28
31 29
31 650
31 666
31 7
31 6
31 281
31 658
31 206
31 638
31 43
31 421
31 588
31 76
31 75
31 74
31 73
31 71
31 128
31 90
31 660
31 655
31 11
31 10
31 13
31 14
31 17
31 55
31 30
31 37
31 50
31 35
31 34
31 19
31 184
31 531
31 18
31 572
30 26
30 20
30 18
30 29
30 35
37 50
37 60
37 53
37 86
37 20
37 49
37 46
37 42
37 43
37 40
37 41
37 184
37 7
37 75
37 90
37 10
37 58
37 56
37 36
37 35
37 34
36 35
36 34
35 24
35 10
35 20
35 41
35 22
35 23
35 34
35 75
35 74
35 7
35 81
35 29
35 84
35 50
34 50
34 53
34 112
641 623
641 634
641 636
641 639
641 629
641 575
641 640
641 643
641 642
641 651
640 636
640 642
640 639
640 643
640 655
640 4
640 644
643 2
643 633
643 634
643 652
643 642
643 50
643 662
643 657
643 75
643 655
643 5
643 644
643 651
643 645
643 648
642 634
642 635
642 637
642 639
642 588
642 655
642 645
642 4
642 5
642 644
645 604
645 621
645 627
645 594
645 663
645 660
645 657
645 655
645 5
645 653
645 650
645 651
645 634
645 636
645 637
645 638
645 639
645 10
645 644
645 647
645 646
645 649
645 648
644 605
644 621
644 620
644 627
644 594
644 664
644 632
644 660
644 490
644 580
644 657
644 654
644 655
644 5
644 653
644 502
644 618
644 634
644 635
644 636
644 638
644 639
644 565
644 2
644 11
644 647
644 646
644 649
438 468
438 428
438 465
438 421
438 460
438 356
438 417
438 463
438 439
438 436
438 420
439 436
439 427
436 450
436 457
436 393
436 398
436 530
436 429
436 428
436 327
436 464
436 421
436 507
436 423
436 422
436 427
436 461
436 504
436 432
436 414
436 416
436 417
436 377
436 437
436 434
436 435
436 418
436 433
436 430
436 376
648 634
648 647
648 636
648 655
648 650
648 5
434 432
434 433
434 660
435 428
435 460
435 421
435 321
435 430
432 428
432 427
432 421
432 418
432 433
432 430
432 431
433 428
433 416
433 424
433 430
430 464
430 425
430 431
430 429
430 418
430 427
430 421
430 507
430 225
430 409
430 426
431 460
431 428
431 383
431 423
339 338
339 337
339 336
339 321
339 327
339 328
338 337
338 332
338 328
335 334
335 337
335 336
335 331
335 333
335 328
335 329
334 256
334 337
334 336
334 331
334 330
334 333
334 332
334 393
334 313
334 320
334 383
334 266
334 395
334 281
334 328
334 418
334 302
337 336
337 333
337 332
337 324
337 281
337 328
337 329
337 362
337 283
336 304
336 316
336 306
336 381
336 324
336 328
336 329
331 330
331 333
331 328
331 329
330 333
330 328
330 329
333 328
333 283
333 329
333 364
332 386
332 324
332 281
332 253
332 255
6 11
6 20
6 19
6 50
6 5
6 7
6 84
99 124
99 663
99 660
99 98
99 73
99 136
99 90
99 82
99 111
98 123
98 92
98 142
98 184
98 183
98 75
98 130
98 111
98 187
98 113
98 90
98 95
98 93
98 97
98 96
91 90
91 75
91 92
91 95
90 138
90 150
90 66
90 77
90 154
90 157
90 70
90 113
90 199
90 114
90 131
90 89
90 111
90 239
90 135
90 112
90 82
90 83
90 80
90 81
90 86
90 118
90 84
90 85
90 20
90 22
90 79
90 95
90 42
90 43
90 40
90 87
90 183
90 653
90 7
90 247
90 97
90 78
90 187
90 146
90 172
90 122
90 143
90 206
90 142
90 263
90 123
90 73
90 72
90 71
90 127
90 165
90 93
90 92
90 94
90 162
90 96
90 11
90 10
90 76
90 56
90 75
90 117
90 46
90 184
90 88
90 124
90 204
93 203
93 81
93 114
93 85
93 88
93 184
93 92
93 95
93 94
93 74
93 96
92 78
92 94
92 75
92 73
92 66
92 95
92 118
92 97
92 96
95 123
95 7
95 94
95 97
95 96
94 280
97 80
97 96
97 85
96 142
96 113
96 78
559 560
559 421
559 552
559 558
559 565
558 555
558 554
558 557
558 565
558 531
558 421
558 503
555 560
555 554
555 556
555 565
555 575
555 552
555 542
555 655
555 533
555 547
555 553
555 421
555 384
554 556
554 580
554 561
554 563
554 565
554 553
554 552
554 560
554 545
554 507
554 539
557 568
557 556
557 565
557 552
557 416
557 510
556 560
556 565
556 553
556 542
551 560
551 547
551 550
551 539
551 552
550 549
550 552
553 552
553 542
553 546
553 538
552 622
552 579
552 453
552 573
552 541
552 5
552 547
552 544
552 545
552 546
552 548
552 549
552 571
552 4
552 569
552 585
552 560
552 561
552 565
552 507
552 655
552 537
552 536
552 533
552 531
552 512
552 539
238 245
238 150
238 256
238 263
238 247
238 239
238 184
238 281
238 235
238 237
238 230
238 257
238 240
239 235
239 200
239 213
239 257
239 208
239 218
239 219
239 245
239 234
239 258
239 240
239 228
239 252
239 236
239 237
239 230
239 250
239 233
234 207
234 206
234 259
234 257
234 244
234 260
234 235
234 250
234 251
234 230
234 231
234 233
235 216
235 215
235 313
235 258
235 250
235 237
235 256
235 236
235 232
235 288
235 324
235 281
235 188
235 206
235 245
235 247
235 241
235 265
235 222
236 216
236 237
236 210
236 256
236 122
236 258
236 241
236 228
236 250
236 167
236 230
236 220
237 215
237 265
237 244
237 247
237 288
237 258
237 179
237 232
230 248
230 213
230 211
230 219
230 115
230 258
230 231
230 232
230 233
230 257
230 254
230 324
230 281
230 206
230 263
230 262
230 240
230 229
230 228
230 227
230 226
230 222
230 221
230 416
231 215
231 206
231 228
231 185
231 232
232 215
232 206
232 218
232 241
232 228
232 257
232 233
233 321
233 243
233 112
233 225
1 622
1 634
1 668
1 666
1 660
1 3
1 2
1 5
1 650
1 646
155 150
155 153
155 142
155 154
155 156
155 159
155 184
155 161
146 150
146 145
146 143
146 157
146 141
146 176
146 180
146 148
146 149
146 133
146 246
146 147
146 184
146 651
146 139
146 171
146 163
147 150
147 135
147 184
147 149
144 145
144 142
144 143
144 158
144 180
144 123
144 125
144 135
144 166
145 121
145 143
142 150
142 154
142 158
142 132
142 137
142 113
142 139
142 138
142 173
142 184
142 143
142 140
142 141
142 148
142 149
142 123
142 124
142 125
142 10
142 122
143 140
143 134
143 137
143 111
143 135
143 127
143 85
140 141
140 149
140 132
140 135
140 139
141 150
141 158
141 134
141 149
141 169
141 129
141 127
141 165
141 139
141 138
141 163
612 604
612 621
612 620
612 594
612 608
612 498
612 626
612 20
612 654
612 655
612 652
612 613
612 631
612 618
612 464
612 610
612 611
612 617
612 614
612 615
612 10
612 50
613 610
613 635
613 614
613 565
610 605
610 604
610 621
610 601
610 609
610 627
610 657
610 5
610 631
610 618
610 634
610 611
610 565
610 614
610 615
610 18
610 531
611 622
611 621
611 626
611 604
611 614
611 594
616 621
616 620
616 634
616 617
616 614
616 615
617 621
617 620
617 598
617 618
614 622
614 621
614 634
614 604
614 565
614 490
149 150
149 153
149 113
149 156
149 158
149 115
149 132
149 111
149 110
149 135
149 173
149 170
149 20
149 206
149 40
149 182
149 187
149 184
149 204
149 148
149 123
149 127
149 161
149 162
623 588
623 622
623 579
623 634
623 626
623 625
623 581
623 561
623 624
623 621
623 575
623 5
623 4
623 603
623 18
623 600
622 594
622 569
622 621
622 634
622 600
622 625
622 631
622 629
622 604
622 565
622 4
622 603
622 627
622 630
622 626
133 126
133 127
133 115
133 132
133 184
133 137
133 135
133 134
133 128
133 165
133 139
133 138
132 161
132 137
132 206
132 148
132 131
132 184
132 124
132 135
132 128
132 129
132 118
132 154
131 138
131 210
131 114
131 130
131 136
131 129
131 167
131 220
130 150
130 134
130 124
130 127
130 128
130 129
130 139
130 138
137 184
137 135
137 183
137 136
137 126
137 134
137 128
137 139
137 138
499 484
499 512
499 490
499 498
499 500
499 489
499 507
499 497
499 418
499 539
499 501
135 184
135 206
135 134
135 22
135 113
135 123
135 136
135 179
135 129
135 127
134 123
134 113
134 127
134 139
134 78
134 163
494 497
494 539
494 565
494 547
494 507
494 495
494 504
494 484
494 490
494 491
494 492
494 493
495 469
495 480
495 450
495 491
495 416
495 500
495 476
495 477
495 507
495 496
495 497
495 490
495 478
495 492
495 493
139 136
139 184
139 138
497 450
497 390
497 498
497 496
497 490
497 493
497 5
497 281
497 507
497 504
497 503
497 500
497 477
497 468
497 464
497 460
497 565
497 501
497 488
497 486
497 414
497 539
497 530
497 408
497 512
497 517
497 358
490 491
490 492
490 493
490 650
490 507
490 500
490 547
490 634
490 565
490 489
490 481
490 530
490 539
491 510
491 489
491 486
491 483
491 492
491 493
492 536
493 594
493 485
493 513
493 468
24 25
24 13
24 27
24 20
24 21
24 22
24 23
25 10
25 26
25 27
25 20
25 22
25 23
25 13
25 7
26 27
26 20
26 14
26 22
26 23
26 28
26 29
26 21
27 15
27 22
27 28
27 29
27 7
27 20
20 63
20 69
20 21
20 22
20 23
20 4
20 7
20 204
20 75
20 74
20 267
20 11
20 10
20 13
20 12
20 15
20 14
20 17
20 16
20 19
20 18
20 55
20 184
20 73
21 10
21 15
21 22
21 42
21 7
22 10
22 23
22 28
22 7
22 14
23 10
23 7
28 12
28 29
28 50
28 7
29 10
407 417
407 395
407 406
407 301
407 381
407 466
407 394
407 416
407 404
407 380
407 415
407 405
407 383
407 397
407 402
407 386
407 387
407 410
407 412
407 409
407 408
406 405
406 401
406 389
406 328
406 418
406 408
405 393
405 391
405 397
405 396
405 395
405 399
405 320
405 404
405 402
405 421
405 367
405 409
405 408
405 380
405 383
405 384
405 386
405 414
405 416
405 410
405 373
405 418
405 376
404 386
404 395
404 414
404 390
404 397
404 401
404 403
404 399
404 408
403 391
403 390
403 411
403 249
403 402
402 401
402 391
402 414
402 395
402 388
402 418
402 409
402 408
401 416
401 395
401 400
401 399
400 393
400 382
400 413
400 388
400 328
400 399
400 409
629 630
629 631
629 621
629 627
629 626
629 560
629 654
629 5
629 634
409 416
409 386
409 413
409 414
409 415
409 410
409 411
409 412
409 389
409 418
409 408
408 311
408 393
408 391
408 395
408 398
408 324
408 367
408 383
408 384
408 386
408 414
408 415
408 411
408 412
408 437
408 418
628 607
628 627
628 625
628 638
628 663
628 662
628 634
379 380
379 369
379 393
379 383
379 385
379 386
379 367
379 377
379 376
378 565
378 383
378 281
378 370
378 375
378 377
378 376
371 464
371 386
371 369
371 372
371 377
370 372
370 368
370 369
370 367
370 358
370 376
373 391
373 368
373 421
373 367
373 423
373 362
373 363
373 361
373 369
373 380
373 381
373 382
373 383
373 384
373 387
373 388
373 414
373 354
373 372
373 418
373 374
373 377
373 376
372 367
372 387
372 384
372 365
372 369
375 417
375 384
375 504
375 374
374 384
374 421
374 367
374 376
374 377
374 358
377 392
377 185
377 367
377 328
377 422
377 424
377 461
377 380
377 382
377 383
377 384
377 386
377 507
377 376
376 386
376 389
376 369
376 364
376 460
376 414
376 384
376 395
376 480
618 605
393 392
393 391
393 390
393 396
393 395
393 394
393 398
393 421
393 380
393 383
393 386
393 387
393 389
393 414
393 416
393 411
393 418
392 387
392 391
392 386
392 421
392 389
392 365
391 414
391 411
391 383
391 387
391 390
391 385
391 386
391 394
391 389
391 418
390 386
390 395
390 387
397 395
397 301
397 414
397 396
397 386
397 369
397 388
397 420
397 399
397 398
397 352
396 660
396 395
396 399
395 394
395 399
395 324
395 281
395 280
395 364
395 362
395 387
395 389
395 414
395 416
395 417
395 352
394 354
394 386
394 324
82 81
82 50
82 75
82 83
82 78
82 85
181 182
181 244
181 180
181 184
181 251
181 173
80 78
80 79
80 53
80 75
80 65
80 68
80 81
80 84
80 85
398 414
398 327
86 88
86 75
86 89
86 71
86 83
86 85
86 87
86 84
86 78
87 83
87 88
87 64
87 184
87 228
87 81
87 84
84 56
84 78
84 667
84 73
84 225
84 77
84 75
84 89
84 111
84 83
84 81
84 79
84 85
85 75
85 53
85 60
85 73
85 81
85 65
7 59
7 88
7 53
7 48
7 45
7 42
7 161
7 184
7 9
7 8
7 13
7 77
7 76
7 75
7 71
7 242
7 10
7 15
7 14
7 19
7 18
7 50
170 124
170 171
170 179
170 156
170 158
170 182
170 281
170 168
170 169
170 184
170 177
170 129
170 174
170 162
607 604
607 582
607 594
607 603
607 598
607 609
607 608
607 576
607 625
586 585
586 582
586 583
586 598
586 564
586 565
586 588
586 589
586 547
586 421
586 507
586 594
587 588
584 568
584 579
584 585
584 594
584 580
584 574
584 582
584 583
585 583
585 565
585 575
585 589
585 519
585 533
585 588
585 496
585 594
582 604
582 578
582 583
582 580
582 581
582 576
582 594
583 579
583 594
583 581
583 577
583 565
583 575
583 589
583 580
583 588
583 603
583 569
580 579
580 594
580 577
580 575
580 574
580 657
580 2
580 650
580 507
580 569
580 581
580 565
580 589
580 660
580 18
580 53
580 531
580 512
580 539
581 10
581 565
581 660
581 652
588 569
588 634
588 560
588 572
588 565
588 589
588 655
588 5
589 594
589 531
589 507
245 156
245 258
245 253
245 250
245 174
245 256
245 184
245 185
245 281
245 280
245 204
245 244
245 247
245 241
245 240
245 243
245 228
245 388
245 249
245 248
244 218
244 219
244 258
244 250
244 251
244 256
244 257
244 185
244 281
244 188
244 286
244 208
244 304
244 247
244 260
244 240
244 243
244 242
244 269
244 249
244 248
244 246
247 248
247 246
247 267
247 241
247 250
247 249
247 257
246 302
246 242
246 264
246 227
246 250
241 206
241 223
241 258
241 240
241 243
241 242
241 250
241 256
240 223
240 185
240 116
240 243
240 242
240 250
243 258
243 321
243 242
243 281
243 225
243 256
243 248
242 267
242 228
242 257
615 620
615 594
615 666
615 570
615 655
249 288
249 259
249 411
249 267
249 250
249 224
249 248
249 254
248 213
248 211
248 265
248 219
248 263
248 281
248 250
248 256
248 257
519 600
519 518
519 565
519 537
519 510
519 513
519 517
519 516
518 544
518 464
518 541
518 530
518 507
518 517
518 538
511 541
511 484
511 512
511 510
510 594
510 482
510 546
510 508
510 509
510 421
510 507
510 504
510 505
510 503
510 468
510 460
510 548
510 515
510 470
510 477
510 513
510 512
510 418
510 539
510 517
513 502
513 565
513 486
513 655
513 530
513 421
513 507
513 512
513 515
513 514
513 539
513 516
512 657
512 652
512 509
512 507
512 505
512 500
512 560
512 563
512 565
512 485
512 329
512 537
512 533
512 530
512 515
512 539
512 516
515 530
515 507
515 517
515 516
514 565
514 507
514 482
517 507
517 516
516 509
516 530
516 533
516 507
458 459
458 464
458 455
458 457
458 473
458 456
459 455
459 468
459 461
459 452
459 460
459 457
459 3
459 507
459 503
621 620
621 601
621 608
621 575
621 604
621 625
621 624
621 657
621 4
621 634
621 565
621 54
620 634
620 594
620 626
620 4
620 646
620 627
627 630
627 604
627 632
627 634
627 626
627 603
627 638
627 625
627 655
627 653
626 630
626 625
626 603
626 604
626 624
626 565
625 624
625 598
625 633
624 632
450 465
450 451
450 455
450 464
450 507
450 504
450 500
451 564
451 634
451 635
451 454
451 464
451 452
451 453
451 460
451 416
451 655
451 421
451 422
451 427
452 467
452 453
452 454
452 455
452 456
452 473
452 481
453 468
453 466
453 454
453 455
453 462
453 549
453 480
454 466
454 464
454 455
454 457
455 464
455 457
455 473
455 456
455 421
455 479
455 503
456 464
456 457
456 460
456 421
456 507
457 464
179 215
179 206
179 208
179 182
179 180
179 168
179 187
179 178
179 175
178 202
178 184
178 159
178 180
178 177
177 202
177 159
177 169
177 176
177 174
199 203
199 185
199 227
199 204
175 215
175 213
175 206
175 208
175 180
175 222
175 184
175 171
175 176
175 129
175 166
175 174
175 172
175 162
175 169
174 204
174 157
174 54
174 183
174 180
174 184
174 171
173 169
173 113
172 161
172 164
172 166
172 171
171 208
171 182
171 288
171 184
171 281
171 162
171 163
594 604
594 578
594 600
594 603
594 573
594 570
594 574
594 605
594 655
594 653
594 507
594 503
594 569
594 565
594 566
594 531
594 530
594 568
594 539
182 183
182 180
182 111
182 184
182 168
657 666
657 664
657 663
657 660
657 656
657 654
657 2
657 652
657 650
657 5
657 658
657 659
657 634
657 184
657 639
657 565
657 73
657 488
657 655
657 10
657 531
654 531
654 663
654 565
654 655
654 652
654 650
654 651
654 659
654 653
656 655
656 5
183 167
183 180
183 184
183 127
180 184
180 166
2 636
2 667
2 666
2 660
2 3
2 655
2 5
2 4
2 650
652 636
652 639
652 565
652 653
652 650
187 67
187 50
187 122
187 123
187 186
187 185
187 188
187 161
184 150
184 153
184 152
184 156
184 159
184 158
184 60
184 176
184 165
184 127
184 185
184 250
184 206
184 560
184 122
184 123
184 168
184 169
184 71
184 70
184 128
184 166
184 161
184 162
184 163
184 120
184 15
184 14
184 50
184 73
185 213
185 310
185 258
185 251
185 288
185 186
185 281
185 280
185 188
185 386
185 203
185 205
185 204
185 206
185 267
185 265
185 228
185 283
186 288
186 204
186 210
186 206
186 114
188 216
188 215
188 204
188 206
188 218
188 189
188 256
189 206
189 281
189 204
658 660
658 5
658 659
653 636
653 634
653 660
653 655
653 650
653 5
653 14
650 600
650 660
650 636
650 47
650 651
650 507
650 4
650 635
650 655
650 647
650 646
650 649
651 263
651 63
651 655
651 5
651 4
651 74
11 10
11 13
11 14
11 46
11 666
10 667
10 666
10 663
10 661
10 660
10 111
10 47
10 44
10 48
10 42
10 43
10 9
10 8
10 281
10 73
10 13
10 12
10 15
10 14
10 17
10 18
10 57
10 56
10 51
10 647
10 646
13 12
13 14
13 17
13 206
13 19
13 75
13 111
13 4
12 14
12 57
12 61
12 9
15 14
15 16
15 19
14 17
14 16
14 55
14 18
14 43
14 60
14 19
14 4
17 16
17 55
17 18
17 51
17 50
17 63
17 66
16 19
19 666
19 646
19 18
19 660
18 664
18 47
18 661
18 638
18 70
18 48
18 646
659 636
659 664
659 565
659 660
659 646
62 66
62 57
62 61
62 75
62 71
62 79
322 325
322 314
322 323
322 321
322 324
322 328
323 321
323 327
323 324
323 281
323 328
320 319
320 301
320 311
320 317
320 316
320 314
320 321
320 324
320 312
320 281
321 319
321 313
321 312
321 311
321 310
321 317
321 316
321 314
321 176
321 369
321 288
321 326
321 327
321 324
321 281
321 283
321 282
321 425
321 284
321 287
321 286
321 308
321 309
321 207
321 301
321 302
321 303
321 565
321 306
321 264
321 328
326 310
326 324
326 281
326 328
327 224
327 325
327 288
327 324
327 328
327 254
324 313
324 317
324 314
324 256
324 253
324 289
324 288
324 325
324 281
324 328
324 311
324 309
324 300
324 301
324 265
324 283
325 288
325 328
325 329
328 319
328 318
328 316
328 288
328 281
328 329
328 284
328 286
328 308
328 205
328 204
328 300
328 301
328 382
328 384
328 311
328 282
329 281
329 283
201 202
201 204
201 206
201 221
200 203
200 73
200 281
200 204
203 202
203 204
203 206
203 225
202 214
202 205
205 204
205 206
205 258
204 254
204 43
204 281
204 206
204 208
204 148
204 262
204 73
204 264
204 224
207 211
207 208
207 206
207 229
207 281
206 214
206 215
206 212
206 213
206 210
206 211
206 218
206 219
206 138
206 256
206 281
206 309
206 209
206 208
206 263
206 261
206 123
206 229
206 228
206 227
206 226
206 161
206 221
206 220
206 124
206 267
206 73
209 210
209 208
209 211
209 262
209 228
209 281
208 215
208 210
208 211
208 111
208 176
208 224
208 222
208 213
77 76
77 83
77 81
77 78
76 88
76 55
76 50
76 46
76 75
76 73
76 81
76 78
75 50
75 60
75 61
75 64
75 66
75 67
75 83
75 81
75 42
75 41
75 655
75 4
75 68
75 74
75 73
75 72
75 71
75 79
75 78
75 54
75 88
75 53
75 65
74 41
74 660
74 655
74 73
74 67
74 634
74 81
74 78
73 667
73 666
73 258
73 63
73 66
73 68
73 83
73 48
73 43
73 4
73 281
73 283
73 72
73 71
73 70
73 162
73 78
73 59
73 50
73 117
73 52
73 89
72 655
72 71
72 118
71 63
71 64
71 65
71 66
71 67
71 68
71 118
71 44
71 42
71 41
71 70
71 55
71 50
70 54
70 67
70 50
70 52
70 60
70 66
70 68
70 69
70 78
655 604
655 600
655 664
655 577
655 663
655 660
655 88
655 64
655 601
655 603
655 5
655 9
655 546
655 549
655 4
655 634
655 635
655 636
655 638
655 639
655 565
655 507
655 532
655 647
655 649
655 544
79 159
79 161
79 78
78 66
78 666
78 68
78 113
78 67
78 83
78 127
78 81
78 50
78 52
668 46
668 666
668 667
668 5
668 4
667 666
667 664
667 663
667 660
667 5
666 665
666 664
666 663
666 661
666 660
666 3
666 5
666 4
666 9
666 638
665 664
665 5
664 565
664 543
664 663
664 662
664 661
664 660
664 5
663 3
663 211
663 662
663 565
663 661
663 660
663 4
663 5
663 81
662 661
662 660
662 633
662 5
661 660
661 4
660 63
660 64
660 66
660 637
660 3
660 5
660 4
660 9
660 504
660 634
660 639
660 565
660 609
660 647
542 565
542 560
542 540
542 541
542 547
542 544
542 507
542 549
542 482
542 538
543 541
543 544
543 531
540 565
540 541
540 533
540 4
540 531
540 548
540 539
541 575
541 547
541 544
541 507
541 548
541 549
541 560
541 464
541 565
541 484
541 481
541 537
541 531
541 539
546 565
546 537
546 547
546 545
546 507
546 548
547 531
547 565
547 536
547 544
547 545
547 507
547 548
547 549
547 539
544 537
544 560
544 564
544 545
544 539
545 569
545 560
545 565
545 537
545 549
545 539
8 9
548 532
548 549
549 563
549 560
549 565
549 536
549 531
598 633
598 601
120 117
120 115
120 121
120 122
120 123
120 113
120 119
121 122
121 123
121 119
122 117
122 123
122 124
122 129
123 150
123 159
123 158
123 128
123 117
123 116
123 111
123 110
123 113
123 81
123 118
123 281
123 148
123 124
123 125
123 127
123 164
123 129
124 154
124 112
124 110
124 53
124 118
124 136
124 126
124 127
124 129
124 115
124 161
124 125
125 158
125 126
125 127
125 129
126 127
126 128
126 110
127 154
127 116
127 111
127 113
127 118
127 281
127 263
127 128
127 161
127 129
128 151
128 129
128 118
69 281
69 68
69 63
414 356
414 530
414 421
414 367
414 364
414 425
414 424
414 309
414 468
414 466
414 565
414 380
414 384
414 386
414 283
414 480
414 362
414 415
414 416
414 417
414 410
414 411
414 412
414 413
414 437
414 418
415 468
415 416
415 383
415 411
415 412
415 387
415 421
415 420
415 418
416 421
416 507
416 568
416 384
416 386
416 387
416 417
416 410
416 530
416 418
416 358
417 369
417 437
417 420
417 418
410 411
410 412
410 425
411 467
411 385
411 437
411 418
412 466
413 382
498 500
418 428
418 356
418 421
418 420
418 423
418 634
418 480
418 419
419 421
419 420
419 423
419 428
136 159
136 138
136 161
319 318
319 315
318 317
318 315
318 316
313 308
313 265
313 312
313 311
313 316
313 306
313 314
313 283
313 282
312 311
312 310
312 314
312 307
311 308
311 309
311 310
311 315
311 307
311 306
311 314
310 308
310 309
310 316
310 306
310 314
310 288
310 281
310 284
317 316
317 314
317 281
317 286
316 304
316 306
316 314
316 284
315 308
315 304
315 314
314 301
314 306
314 284
496 509
496 533
496 507
496 504
496 502
496 500
138 258
3 5
3 4
368 384
368 369
368 367
368 364
368 358
369 301
369 421
369 354
369 381
369 384
369 367
369 358
366 356
366 354
366 386
366 530
366 367
366 364
366 365
366 362
366 359
366 358
367 258
367 507
367 364
367 365
367 362
367 363
367 361
367 380
367 383
367 384
367 386
367 350
367 358
364 356
364 358
364 421
364 365
364 362
364 480
365 356
365 355
365 383
365 362
365 361
362 386
362 382
362 353
362 352
362 351
362 421
362 358
362 363
362 359
362 361
360 358
360 359
360 361
361 380
361 356
361 283
361 359
361 358
380 381
380 384
380 386
381 383
382 383
382 384
382 386
383 421
383 423
383 384
383 385
383 386
383 387
384 399
384 421
384 502
384 500
384 385
384 386
384 387
384 388
384 389
384 480
385 386
386 281
386 570
386 255
386 355
386 421
386 425
386 467
386 387
386 388
386 389
386 352
387 388
387 389
387 358
388 389
148 156
148 267
148 113
148 83
148 118
252 253
605 604
605 603
605 609
579 569
579 561
579 562
579 577
579 565
579 578
578 602
578 571
578 563
578 576
578 565
604 608
604 634
604 603
604 602
604 638
604 5
604 631
573 572
573 571
573 565
573 574
572 569
572 634
572 571
572 565
572 560
572 531
571 569
571 634
571 570
571 577
571 565
571 575
571 574
571 567
570 569
570 566
577 565
577 575
577 647
577 507
577 539
576 563
576 565
576 575
576 567
576 533
575 569
575 560
575 561
575 466
575 574
575 536
575 565
575 509
574 568
574 565
60 61
60 63
60 64
60 65
60 66
60 68
60 81
60 49
60 42
60 638
60 59
60 58
60 55
60 56
60 50
60 53
61 59
61 57
258 216
258 212
258 265
258 256
258 257
258 254
258 255
258 280
258 281
258 286
258 263
258 261
258 260
258 267
258 266
258 228
258 226
258 262
258 259
259 263
259 262
259 261
259 260
259 254
64 66
64 565
64 40
64 4
64 68
65 53
65 66
65 67
65 68
66 55
66 56
66 63
66 67
66 83
66 52
67 59
67 63
67 110
67 68
68 56
253 250
253 251
253 256
253 257
253 255
250 265
250 256
250 218
250 281
250 260
250 228
251 301
251 267
256 210
256 281
256 257
256 254
256 255
256 421
256 260
256 267
256 266
256 265
257 262
257 219
257 263
257 267
257 265
257 283
257 268
254 224
254 255
255 267
255 281
157 156
157 47
157 158
157 54
157 161
157 163
156 153
156 159
156 158
508 468
508 509
508 536
508 471
508 507
508 504
508 484
508 500
509 504
509 466
509 477
509 507
509 482
506 507
506 505
506 500
507 536
507 420
507 504
507 505
507 502
507 503
507 500
507 501
507 473
507 465
507 464
507 467
507 565
507 421
507 486
507 485
507 539
507 481
507 472
507 471
507 533
507 530
507 538
504 465
504 468
504 484
504 505
504 502
504 503
504 500
504 501
505 533
502 465
502 503
502 533
502 500
502 501
503 480
503 565
503 482
503 500
500 111
500 501
500 464
500 566
500 488
500 484
500 480
500 474
500 530
630 631
630 632
630 633
630 634
630 565
630 5
631 632
631 634
631 636
631 5
632 634
633 634
634 600
634 608
634 5
634 4
634 464
634 533
634 635
634 636
634 638
634 639
634 565
634 567
468 536
468 462
468 421
468 469
468 465
468 464
468 467
468 466
468 565
468 460
468 463
468 489
468 487
468 486
468 484
468 483
468 482
468 481
468 472
468 473
468 470
468 471
468 476
468 477
468 474
468 475
636 635
636 637
636 639
636 647
636 5
637 638
637 639
465 474
465 464
465 467
465 466
465 489
465 460
465 463
465 533
465 421
639 638
639 647
467 469
467 464
467 562
467 466
467 473
467 470
467 530
467 421
466 469
466 471
466 477
466 464
461 464
461 460
461 463
461 462
460 464
460 463
460 530
460 477
463 462
463 477
462 464
462 489
168 167
168 161
169 163
169 165
169 166
169 167
164 158
164 165
164 166
164 161
164 162
164 163
165 151
165 152
165 158
165 166
165 160
165 161
165 162
165 163
166 158
167 210
160 151
160 152
160 154
160 159
160 158
160 161
160 162
161 153
161 159
161 158
161 111
161 112
161 162
163 151
163 464
600 603
600 5
600 9
647 565
647 5
646 5
646 4
437 426
357 356
357 354
357 359
357 358
356 351
356 355
356 354
356 353
356 352
356 358
355 354
355 350
355 358
354 353
354 352
354 359
354 358
353 352
353 351
353 350
352 351
352 428
351 350
351 281
351 358
359 421
359 358
358 486
216 217
216 215
216 213
216 218
216 219
216 265
216 228
216 227
216 220
217 214
217 219
217 223
217 220
214 213
214 210
214 211
214 223
215 213
215 211
215 219
212 213
212 211
212 219
213 211
213 218
213 219
213 281
213 220
210 224
210 211
210 263
210 281
210 225
211 228
211 227
218 225
218 219
218 228
218 222
219 228
219 227
219 220
289 288
288 281
288 283
288 282
288 285
288 284
288 287
288 286
288 308
288 303
288 300
288 301
288 302
288 304
288 421
288 265
288 220
4 5
4 638
4 531
281 280
281 283
281 282
281 287
281 286
281 263
281 262
281 267
281 266
281 265
281 264
281 269
281 268
281 308
281 301
281 302
281 306
281 228
281 111
280 265
280 263
283 285
283 284
283 287
283 286
283 301
283 565
283 267
283 266
283 265
283 269
283 268
283 282
282 300
282 301
282 306
285 287
285 284
285 286
284 300
284 301
284 304
284 286
287 286
286 308
286 309
286 304
263 226
263 262
263 261
263 260
263 267
263 265
263 264
262 260
262 261
262 267
261 260
260 304
260 265
260 269
267 228
267 264
267 266
267 265
267 269
267 268
266 265
266 227
265 264
265 268
269 304
269 306
269 268
59 58
59 57
59 56
59 50
59 110
58 43
58 57
58 45
58 50
58 53
58 52
55 56
55 50
55 41
54 47
57 56
57 50
57 52
56 50
56 53
56 52
56 40
51 46
51 42
51 43
51 50
51 52
50 63
50 53
50 48
50 49
50 46
50 47
50 44
50 45
50 42
50 43
50 40
50 41
53 49
53 43
53 52
52 63
537 560
537 536
537 535
537 534
537 531
537 539
537 538
536 569
536 535
536 534
536 533
536 532
536 531
536 539
535 534
535 531
63 83
533 563
533 464
533 565
533 534
533 532
533 531
533 539
532 534
532 567
532 531
532 539
531 5
531 565
531 534
531 530
531 539
530 470
530 565
530 307
530 421
530 487
539 477
539 569
539 561
539 565
539 470
539 534
539 538
115 114
115 116
115 111
115 113
115 112
115 118
114 46
114 116
114 112
114 111
117 116
117 113
117 112
117 118
116 111
116 118
111 88
111 110
111 113
111 112
111 44
113 112
113 119
113 118
113 301
112 118
112 225
119 118
429 428
429 421
429 424
429 426
428 483
428 421
428 420
428 423
428 422
428 427
534 485
421 489
421 420
421 423
421 422
421 425
421 424
421 427
421 426
421 565
421 488
421 480
421 479
421 464
421 473
420 424
423 424
423 427
422 427
422 464
425 427
425 474
425 424
425 426
427 489
427 475
427 426
308 300
308 301
308 306
308 307
309 300
309 302
309 306
300 301
301 302
301 304
301 305
301 306
302 303
302 304
303 464
304 305
304 306
305 306
305 307
305 487
306 307
307 487
568 569
568 565
568 566
568 567
569 563
569 565
569 567
560 561
560 562
560 563
560 564
560 565
561 562
561 565
561 477
562 564
562 565
563 565
564 635
564 565
565 635
565 566
565 567
565 602
565 5
565 485
565 482
565 480
229 227
229 228
228 227
228 225
227 223
227 226
227 225
226 220
225 221
225 224
225 220
224 223
223 222
223 221
222 220
88 42
88 81
151 150
151 153
151 152
150 152
153 152
153 154
153 159
152 154
152 159
152 158
601 603
601 602
601 609
154 159
154 158
603 602
159 158
609 608
608 638
83 81
469 473
469 470
469 477
635 5
48 49
48 46
48 41
48 47
49 43
46 44
46 45
46 43
46 47
46 41
44 45
44 42
44 43
45 41
42 43
42 41
43 41
40 41
638 5
464 489
464 470
464 471
489 488
489 487
489 486
489 485
489 484
489 482
489 481
489 480
489 473
489 470
489 477
489 474
489 475
488 474
488 487
488 486
488 485
488 482
488 480
487 486
486 478
486 482
486 475
486 485
486 484
486 483
485 474
485 484
485 483
485 482
484 471
484 481
483 474
483 482
483 481
483 480
482 473
482 478
482 481
482 480
481 479
481 474
481 473
481 476
481 477
481 475
481 478
481 480
480 473
480 471
480 477
480 474
480 475
480 479
472 473
472 470
472 471
472 477
472 474
472 475
472 479
473 470
473 474
473 475
470 471
470 476
470 477
471 474
471 477
476 477
476 475
477 474
477 475
477 478
477 479
474 475
478 479
