1200 1199
1200 13
344 342
344 319
344 237
344 265
344 316
344 333
344 589
344 322
344 345
344 346
344 347
344 326
344 266
344 401
344 509
344 281
344 802
344 364
344 329
344 321
344 341
345 346
345 589
345 526
345 347
345 326
345 343
345 364
345 492
346 342
346 213
346 334
346 401
346 333
346 518
346 643
346 347
346 353
346 352
346 246
346 295
346 351
347 217
347 210
347 1309
347 495
347 341
347 401
347 343
347 281
347 283
347 348
347 349
347 1150
347 710
347 123
347 124
347 265
347 264
347 128
347 269
347 59
347 1708
347 51
347 1823
347 379
347 378
347 416
347 411
347 1668
347 370
347 1750
347 374
347 198
347 195
347 312
347 317
347 315
347 397
347 396
347 278
347 279
347 399
347 535
347 429
347 443
347 1252
347 368
347 369
347 583
347 300
347 301
347 440
347 304
347 305
347 589
347 380
347 247
347 384
347 389
347 307
347 104
347 1647
347 908
347 643
347 511
347 339
347 338
347 451
347 337
347 336
347 333
347 574
347 887
347 256
347 172
347 313
347 180
347 508
347 509
347 506
347 502
347 500
347 501
347 751
347 342
347 400
347 1356
347 1591
347 193
347 90
347 225
347 95
347 1028
347 1746
347 559
347 1812
347 1616
347 323
347 329
347 477
347 487
347 334
347 480
347 1606
347 354
347 353
347 352
347 351
340 217
340 338
340 140
340 312
340 333
340 332
340 315
340 342
340 341
341 472
341 537
341 411
341 342
341 495
341 353
341 433
342 459
342 339
342 338
342 604
342 312
342 336
342 333
342 237
342 612
342 343
342 281
342 282
342 349
342 308
342 196
342 638
342 301
342 369
342 1601
342 1063
342 379
342 1768
342 353
342 477
343 333
343 349
348 59
349 508
349 351
349 350
349 305
349 353
349 352
349 489
349 374
298 1747
298 141
298 300
298 301
298 299
298 281
298 297
298 175
298 549
298 292
298 360
299 309
299 195
299 1719
299 333
299 246
299 476
299 82
299 294
296 269
296 442
296 331
296 710
296 332
296 363
296 186
296 451
296 326
296 294
296 295
296 297
296 231
296 254
297 300
297 302
297 304
297 305
297 526
297 246
297 350
294 319
294 200
294 196
294 317
294 333
294 314
294 230
294 172
294 254
294 256
294 288
294 281
294 283
294 309
294 300
294 303
294 246
294 268
294 1625
294 293
295 217
295 1708
295 312
295 1822
295 1252
295 411
295 254
292 319
292 311
292 410
292 283
292 293
292 291
293 312
293 410
293 475
293 283
293 362
293 290
293 285
290 638
290 302
290 305
290 444
290 289
290 288
290 353
290 327
290 489
290 370
290 283
290 291
290 285
290 376
291 300
291 317
291 533
291 283
291 285
270 271
270 269
270 268
270 276
271 319
271 159
271 312
271 315
271 272
271 130
271 274
271 276
271 277
271 278
271 279
271 173
271 269
271 257
271 187
271 282
271 308
271 206
271 1793
271 566
271 246
271 266
271 165
271 225
271 222
271 1807
271 59
271 273
271 359
272 308
272 273
272 274
272 210
1138 1140
1138 1137
1138 1144
1138 1145
1138 1121
1138 1267
1138 1136
1138 1150
1138 1139
1138 1134
1138 1297
274 210
274 261
274 273
274 275
274 279
274 269
274 254
275 1519
275 276
275 157
276 268
276 273
276 277
276 279
276 283
276 174
277 278
277 266
277 252
277 283
277 174
277 172
278 217
278 334
278 196
278 193
278 113
278 252
278 279
278 172
278 1812
278 280
278 283
278 329
278 302
278 305
278 123
278 241
278 266
278 126
278 246
278 1245
279 708
279 265
279 210
279 312
279 310
279 317
279 219
279 259
279 134
279 237
279 230
279 172
279 1619
279 401
279 334
279 281
279 280
279 283
279 1751
279 1673
279 124
279 196
279 205
279 269
279 1353
279 301
279 302
279 305
279 445
279 260
279 267
279 229
279 242
279 226
279 225
279 249
279 1598
279 59
279 451
279 1028
279 1721
279 246
279 241
279 1750
279 1299
1780 1777
1780 1779
642 595
642 1091
642 657
642 700
642 641
642 1257
1781 150
1781 1782
1781 1784
1781 1786
1781 1774
1781 1816
1781 1811
1781 1813
1781 1779
1781 1252
1781 421
1781 678
1781 1797
1781 1356
1781 109
1781 1806
1781 1805
1781 1747
1781 59
1781 1768
1781 1763
1781 1761
108 1135
108 150
108 1581
108 1797
108 193
108 1
108 98
108 258
108 89
108 124
108 72
108 386
108 1686
108 1786
108 104
109 1485
109 62
109 196
109 193
109 114
109 117
109 130
109 111
109 65
109 113
109 134
109 68
109 80
109 86
109 49
109 1615
109 1612
109 1778
109 1
109 183
109 1757
109 1391
109 1750
109 75
109 144
109 140
109 128
109 149
109 120
109 122
109 333
109 229
109 242
109 102
109 107
109 104
109 105
109 1807
109 99
109 59
109 1708
109 131
109 1747
109 110
102 155
102 317
102 132
102 130
102 137
102 226
102 205
102 171
102 1545
102 1812
102 1813
102 1733
102 162
102 1759
102 105
102 1750
102 200
102 771
102 1797
102 98
102 229
102 103
102 225
102 101
102 95
102 107
102 104
102 78
102 1805
102 1708
102 829
102 1719
103 135
103 210
103 317
103 133
103 68
103 72
103 401
103 1101
103 1750
103 230
103 491
103 162
103 65
100 150
100 101
100 59
101 1420
101 59
101 45
101 317
101 193
101 1465
101 75
101 1591
101 90
101 1750
101 106
101 163
106 1701
106 1817
106 155
106 140
106 1806
106 1708
106 1813
106 1
106 107
107 902
107 147
107 205
107 195
107 1718
107 589
107 131
107 110
107 95
107 104
104 91
104 89
104 65
104 129
104 86
104 172
104 87
104 1774
104 44
104 94
104 1750
104 146
104 124
104 90
104 95
104 105
104 122
104 1685
105 851
105 37
105 114
105 83
105 1750
1783 1782
1783 1798
1783 1784
1783 153
1213 1212
1213 1210
1213 1206
1213 1214
99 27
99 183
99 55
99 193
99 1353
99 3
99 1118
98 93
98 95
91 90
91 283
91 59
91 87
90 1143
90 573
90 62
90 89
90 65
90 80
90 87
90 84
90 26
90 92
90 144
90 583
90 76
90 122
90 124
90 93
90 95
90 10
90 59
90 1708
90 864
90 52
93 95
93 52
92 117
92 122
92 583
92 94
95 150
95 131
95 111
95 113
95 176
95 237
95 172
95 1598
95 2
95 79
95 96
95 1750
95 145
95 1797
95 245
95 122
95 78
95 1701
95 59
95 14
95 55
95 511
95 1808
95 938
95 137
94 1711
94 1812
94 1708
94 1797
94 1799
94 382
94 65
94 264
94 268
94 86
96 802
1623 1595
1623 1622
1623 1650
1623 1625
1623 1750
1622 1620
1622 1612
1622 1625
1621 1620
1621 1637
1621 1121
1621 1194
1621 1178
1621 1600
1621 1639
1620 1632
1620 1618
1620 1625
1620 1619
1620 1616
1620 1639
1620 1733
1620 1628
1620 1612
1620 1637
1620 1606
1620 1708
1620 1675
1627 1618
1627 1624
1627 1353
1627 1629
1627 1628
1627 1606
1627 1241
1627 1594
1627 1534
1627 1465
1627 1750
1626 1630
1626 1643
1626 1625
1626 1624
1626 1617
1626 1628
1626 1662
1625 1628
1625 747
1625 1771
1625 1619
1625 1616
1625 1617
1625 858
1625 1465
1625 1675
1625 1699
1625 207
1625 1797
1625 59
1625 1624
1625 1629
1625 1602
1625 1532
1624 150
1624 1711
1624 1619
1624 1353
1624 1617
1624 1602
1624 378
1624 1691
1624 1708
1624 1415
1624 14
1629 694
1629 1619
1629 1708
1629 1652
1629 1675
1628 1630
1628 150
1628 26
1628 1636
1628 1642
1628 1534
1628 1646
1628 1668
1628 1667
1628 1641
1628 1698
1628 1660
559 560
559 566
559 534
559 368
559 648
558 561
558 786
558 571
558 557
555 593
555 606
555 546
555 588
554 593
554 557
554 551
554 553
554 536
554 522
557 583
557 603
557 560
557 551
557 566
557 710
557 533
557 495
557 546
557 549
557 561
556 589
556 551
556 529
556 565
556 1071
551 578
551 570
551 550
551 553
551 552
551 527
551 492
551 543
551 540
551 541
551 504
551 549
551 503
551 583
551 561
551 563
551 566
551 589
551 533
551 532
550 583
550 337
550 707
550 1028
550 544
550 509
550 511
550 549
550 562
553 542
553 566
553 539
552 580
552 566
552 537
552 520
552 477
552 495
1199 851
1199 1186
1199 1121
1199 1191
1199 1252
1199 1244
1199 1009
1198 1205
1198 1447
1198 1021
1198 1197
1198 1643
1191 1189
1191 1205
1191 1190
1191 1192
1191 1194
1191 1244
1191 1204
1190 1004
1190 1252
1190 1244
1190 1189
1193 1206
1193 1194
1192 1189
1192 1205
1192 1298
1192 1252
1192 1463
1195 887
1195 1186
1195 953
1195 1194
1195 1197
1195 956
1195 1652
1195 1288
1194 887
1194 1303
1194 1205
1194 1121
1194 1148
1194 1206
1194 1266
1194 1183
1194 1262
1194 1146
1194 1275
1194 1050
1194 1454
1194 690
1194 1197
1194 1196
1194 1252
1194 1313
1194 1204
1194 1465
1194 1118
1194 1031
1194 1463
1194 1750
1194 1177
1194 1175
1194 1173
1194 1170
1194 1272
1194 1151
1194 1150
1194 1309
1194 1292
1194 1169
1194 1202
1194 1017
1194 1189
1194 1708
1194 1184
1194 1028
1194 1180
1194 1181
1194 1106
1194 1242
1194 722
1194 1101
1194 1249
1194 1108
1194 1109
1197 1302
1197 1267
1197 1206
1197 1202
1197 1298
1197 1252
1197 1271
1197 1249
1196 1028
1196 1205
1196 1204
1196 1169
1196 1116
1759 1812
1759 782
1759 1758
1759 1761
1759 1751
1758 1716
1758 226
1758 1768
1758 1750
1758 1691
1758 1757
1758 1763
1758 1755
1758 1761
1758 1746
1758 1699
1757 1422
1757 63
1757 21
1757 1813
1757 1793
1757 1730
1757 191
1757 333
1757 1797
1757 55
1757 4
1757 82
1757 1763
1756 1763
1756 1751
1755 1789
1755 1747
1755 1771
1755 1716
1755 1792
1755 1784
1755 1576
1755 1768
1755 1684
1755 1669
1755 1761
1755 1753
1755 1754
1755 1750
1754 1802
1754 44
1754 30
1754 193
1754 123
1754 1747
1754 1753
1753 1284
1753 1606
1753 186
1753 1752
1753 1386
1753 1750
1752 305
1751 24
1751 142
1751 196
1751 1447
1751 1768
1751 938
1751 1763
1751 1465
1751 1747
1751 1381
1751 1750
1750 1789
1750 1784
1750 1786
1750 131
1750 226
1750 495
1750 1775
1750 1774
1750 1771
1750 1770
1750 1772
1750 1779
1750 1778
1750 4
1750 401
1750 1465
1750 283
1750 1799
1750 1798
1750 679
1750 1793
1750 1797
1750 710
1750 122
1750 127
1750 128
1750 269
1750 14
1750 1700
1750 1068
1750 59
1750 1708
1750 1820
1750 55
1750 1669
1750 418
1750 593
1750 195
1750 1121
1750 197
1750 196
1750 49
1750 113
1750 1713
1750 1711
1750 1710
1750 1716
1750 1719
1750 1718
1750 527
1750 1619
1750 1393
1750 1657
1750 1391
1750 1404
1750 1739
1750 1134
1750 246
1750 249
1750 1746
1750 1647
1750 1663
1750 30
1750 1649
1750 1648
1750 1720
1750 1721
1750 383
1750 1539
1750 64
1750 68
1750 176
1750 172
1750 589
1750 1421
1750 1738
1750 1588
1750 1636
1750 1730
1750 1733
1750 858
1750 1737
1750 186
1750 6
1750 1508
1750 502
1750 755
1750 1353
1750 509
1750 566
1750 1597
1750 169
1750 164
1750 165
1750 13
1750 1020
1750 19
1750 18
1750 1616
1750 1028
1750 1454
1750 722
1750 1749
1750 1745
1750 1517
1750 1747
1750 1741
1750 1742
1750 1743
1750 150
1750 1206
1750 36
1750 235
1750 34
1750 1814
1750 1815
1750 1816
1750 1811
1750 1812
1750 1813
1750 951
1750 1059
1750 44
1750 1612
1750 1476
1750 1563
1750 146
1750 200
1750 140
1750 141
1750 149
1750 1762
1750 489
1750 1763
1750 1805
1750 1570
1750 1602
1750 46
1750 1768
1750 353
1750 477
1750 1573
1750 802
1750 1761
1750 1766
1750 1767
1177 1176
1177 1174
1177 1173
1177 1266
1177 1178
1176 1175
1176 1169
1176 1178
1175 1174
1175 1172
1175 1170
1175 1169
1175 1178
1175 1697
1175 1249
1174 1173
1174 1186
1174 1169
1174 1391
1173 1172
1173 1170
1173 1267
1173 1376
1172 1171
1172 1170
1171 1170
1170 1708
1170 1334
1170 1169
1170 1179
1170 1391
1170 1178
1170 1416
1170 1158
1179 1708
1179 1169
1179 1180
1179 1178
1178 140
1178 1186
1178 1184
1178 1169
1178 1181
1178 1180
1178 1663
511 353
511 571
511 498
511 396
511 495
511 583
511 1050
511 525
511 543
511 733
511 520
511 508
511 545
511 506
511 507
511 283
511 505
511 502
511 529
511 500
511 501
511 412
511 612
511 509
511 566
511 589
511 487
511 710
511 504
511 528
511 537
511 518
511 534
511 476
511 474
511 439
511 510
511 513
511 514
511 430
511 516
1006 997
1006 1004
1006 1020
1006 1028
1006 1062
1006 999
1006 1085
1006 985
1006 938
1006 1252
1006 1009
1006 917
1006 1031
1006 1010
1006 1013
513 630
513 632
513 512
513 582
513 528
513 452
513 710
513 496
513 589
513 515
513 514
1285 1284
1285 1236
1285 1273
1285 1303
1285 1334
1285 1337
1285 1336
1285 1289
1285 1028
1285 1267
1285 1264
1285 1286
1285 1282
1285 1292
1285 805
1284 1810
1284 1301
1284 1283
1284 1110
1284 1263
1284 45
1284 1186
1284 1606
1284 1367
1284 1252
1284 1281
1284 1386
1284 1354
1287 1201
1287 1291
1287 1281
1287 1028
1004 988
1004 989
1004 887
1004 886
1004 982
1004 312
1004 760
1004 987
1004 985
1004 990
1004 976
1004 1615
1004 1072
1004 819
1004 858
1004 1017
1004 995
1004 997
1004 770
1004 1352
1004 73
1004 904
1004 1189
1004 1186
1004 1044
1004 1028
1004 1245
1004 1008
1004 802
1004 1005
1004 1003
1004 1000
1281 1322
1281 1278
1281 1313
1281 1280
1281 1282
1281 1303
1281 1261
1281 1273
1281 1267
1281 1276
1281 1252
1281 1300
1281 1404
1280 1335
1280 1260
1280 1264
1280 1254
1280 1245
1280 1294
1283 1269
1283 1270
1283 1289
1283 1384
1283 1297
1283 171
1282 1236
1282 1273
1282 1263
1282 1334
1282 1184
1282 1260
1282 1210
1282 1071
1282 1241
1282 1594
1282 1290
1282 1337
515 583
515 312
515 858
515 384
515 385
515 509
515 495
515 516
515 514
515 659
1289 869
1289 1304
1289 1303
1289 1582
1289 1337
1289 1264
1289 1115
1289 1292
1289 1252
1289 1290
1288 1652
1288 1298
1288 1301
1002 966
1002 992
1002 986
1002 900
1002 1018
1002 1017
1002 1003
1002 1001
1579 1348
1579 1550
1579 1600
1579 1347
1579 1568
1579 1563
1578 1550
1578 20
1578 1602
1578 1649
1578 1610
1578 1595
1578 1591
1578 1570
1578 1575
689 690
689 688
689 679
689 702
689 589
517 630
517 631
517 751
517 600
517 589
517 519
517 518
517 526
517 541
517 520
517 522
517 516
1573 1597
1573 1725
1573 1574
1572 1612
1572 1594
1572 1591
1572 1571
1572 1563
1572 1575
1571 1633
1571 1591
1571 1598
1571 1570
1570 1550
1570 1555
1570 140
1570 1559
1570 1587
1570 1595
1570 1569
1570 1591
1570 1560
1570 1561
1570 1563
1570 1565
1570 1566
1570 1574
681 690
681 679
681 710
681 680
681 851
681 682
680 690
680 787
680 744
680 679
680 1063
680 700
680 710
680 733
680 802
680 685
680 708
680 703
680 1049
680 682
1575 1557
1575 1602
1575 1595
1575 1525
1575 1591
1575 1574
682 751
682 691
682 708
682 679
682 704
682 700
682 858
682 710
682 738
682 802
682 687
682 686
682 683
1227 1228
1227 1220
459 458
459 469
459 288
459 452
459 440
459 461
459 305
459 460
459 406
459 540
459 477
459 401
459 441
1240 1206
1240 1245
1240 1239
1225 1224
1225 1226
1225 1206
1224 15
1224 1222
1224 1206
1224 1238
1224 1356
1224 1239
1224 1245
1224 1223
1224 1248
1224 1465
1224 1216
1223 1465
1223 1206
1223 1252
1223 1222
626 624
626 627
626 635
626 625
626 659
1221 1206
1221 1252
1221 1222
624 605
624 622
624 621
624 620
624 595
624 594
624 625
624 664
624 315
624 708
624 1816
624 638
624 584
624 619
624 582
624 612
624 614
624 615
624 589
624 623
624 643
624 532
407 406
407 411
407 401
407 439
407 421
407 418
406 432
406 405
406 404
406 403
406 477
406 401
406 421
406 802
406 418
1373 1420
1373 1358
1373 1340
1373 1344
1373 1370
1373 1372
1373 1374
1373 1465
1373 1403
1373 1393
1372 1421
1372 20
1372 1716
1372 1430
1372 666
1372 1606
1372 1371
1372 1367
1372 1391
1372 1465
1372 1380
1372 1382
1372 1673
1375 1304
1375 1305
1375 1647
1375 1353
1375 1267
1375 1370
1375 1252
1375 1374
1375 1360
1375 1376
1375 1747
1374 1050
1374 1356
1374 1370
1374 1377
1374 1379
1374 1400
1374 1380
1374 1391
401 429
401 155
401 416
401 573
401 312
401 453
401 317
401 333
401 703
401 404
401 390
401 498
401 395
401 495
401 399
401 398
401 256
401 1812
401 1778
401 540
401 403
401 402
401 522
401 400
401 366
401 364
401 477
401 502
401 427
401 679
401 754
401 300
401 302
401 421
401 397
401 566
401 710
401 381
401 708
401 384
401 306
401 489
401 409
401 411
401 329
401 1747
401 379
401 378
401 355
401 353
401 430
401 439
401 371
401 111
401 434
401 408
401 418
401 374
401 377
401 376
451 458
451 621
451 210
451 450
451 452
451 454
451 316
451 315
451 332
451 565
451 178
451 617
451 426
451 691
451 172
451 429
451 525
451 405
451 404
451 186
451 283
451 504
451 425
451 529
451 409
451 408
451 449
451 440
451 469
451 460
451 465
451 466
451 461
451 446
451 710
451 501
451 264
451 487
451 444
451 482
451 481
451 638
451 422
451 455
451 908
451 433
451 518
451 534
451 353
451 477
451 438
451 439
451 361
451 419
1379 858
1379 1313
1379 1377
1379 1380
1378 1420
1378 1642
1378 1353
1378 1350
1378 1356
1378 1355
1378 1447
1378 1377
1378 1689
1378 1393
1378 1391
1378 1390
1219 1216
1219 1206
1219 1245
1219 1220
1342 1084
1342 1340
1342 858
1342 1343
1342 1344
1342 1341
1342 1465
409 438
409 449
409 351
409 404
409 403
409 499
409 387
409 420
409 408
409 418
409 172
409 492
409 411
408 415
408 411
1343 1338
1343 1353
1343 1352
1343 1337
1343 1344
454 453
454 455
454 456
454 489
454 439
455 458
455 1121
455 452
455 462
456 458
456 563
456 465
456 571
456 440
456 566
456 589
456 509
456 506
456 457
456 452
457 458
457 638
457 1821
457 461
457 418
379 315
379 332
379 391
379 390
379 397
379 396
379 395
379 256
379 255
379 851
379 86
379 1252
379 400
379 1465
379 364
379 366
379 363
379 75
379 440
379 583
379 369
379 589
379 380
379 381
379 382
379 383
379 229
379 77
379 55
379 261
379 1720
379 378
379 355
379 371
379 418
379 374
379 377
379 376
378 357
378 887
378 583
378 337
378 172
378 373
378 365
378 399
378 376
371 315
371 246
371 384
371 369
371 366
371 370
371 372
371 376
370 308
370 373
370 367
370 283
370 364
370 359
370 376
373 200
373 593
373 802
373 1715
373 312
373 466
373 353
373 477
373 387
373 366
373 398
373 375
373 374
372 1711
372 374
372 376
375 374
374 312
374 191
374 1560
374 495
374 398
374 256
374 492
374 237
374 183
374 1465
374 367
374 364
374 305
374 381
374 473
374 471
374 353
374 358
374 376
377 382
377 400
377 376
376 421
376 589
376 369
376 362
393 887
393 773
393 1
393 392
393 258
393 396
393 386
393 394
393 398
393 659
392 386
392 391
392 353
392 395
392 421
392 504
391 397
391 495
391 366
391 389
390 312
390 384
390 369
390 388
397 1074
397 331
397 332
397 411
397 179
397 400
397 710
397 424
396 470
396 395
396 400
396 389
396 399
396 419
395 385
395 411
395 545
395 383
395 394
395 366
395 399
395 477
394 333
394 477
399 412
399 400
399 317
399 353
399 411
399 387
399 225
399 398
398 317
398 353
398 411
398 477
398 385
1247 1263
1247 1252
1247 1244
1247 1246
245 21
245 210
245 1821
245 225
245 246
245 267
245 269
245 237
245 223
245 283
247 259
247 269
247 250
247 246
246 216
246 217
246 172
246 265
246 210
246 168
246 312
246 1782
246 196
246 213
246 193
246 314
246 332
246 261
246 252
246 175
246 237
246 80
246 254
246 255
246 268
246 251
246 1635
246 228
246 231
246 429
246 652
246 232
246 186
246 283
246 308
246 141
246 305
246 589
246 381
246 241
246 266
246 229
246 242
246 227
246 226
246 269
246 167
246 236
246 802
246 384
246 257
246 36
246 1823
246 1768
241 235
241 217
241 210
241 1708
241 259
241 196
241 239
241 229
241 242
241 269
241 230
241 110
240 200
240 205
240 238
240 239
240 269
240 237
240 172
240 232
243 226
243 267
243 851
243 232
242 200
242 196
242 1391
242 229
242 225
242 237
242 230
242 232
249 250
249 230
249 248
249 254
248 1708
248 193
248 261
248 1016
248 251
179 121
179 155
179 331
179 186
178 217
178 318
178 1797
178 193
178 183
178 176
178 173
177 155
177 140
177 172
177 186
177 164
177 176
177 231
176 1166
176 210
176 196
176 191
176 193
176 192
176 114
176 175
176 172
176 255
176 1819
176 1610
176 183
176 186
176 187
176 1033
176 144
176 1795
176 149
176 333
176 164
176 79
175 326
175 187
175 174
175 172
174 207
174 182
174 187
174 173
174 172
173 207
173 315
173 269
173 172
173 170
172 210
172 1782
172 761
172 133
172 135
172 1775
172 23
172 1377
172 1465
172 283
172 1798
172 1313
172 1797
172 1796
172 118
172 1708
172 52
172 418
172 419
172 319
172 199
172 196
172 190
172 315
172 117
172 111
172 113
172 119
172 1252
172 362
172 589
172 578
172 60
172 62
172 252
172 887
172 257
172 171
172 170
172 182
172 183
172 181
172 186
172 187
172 501
172 1595
172 193
172 164
172 165
172 167
172 162
172 946
172 1451
172 150
172 155
172 154
172 159
172 1169
172 232
172 1813
172 87
172 326
172 9
172 476
172 147
172 205
172 207
172 141
172 148
172 1601
172 353
172 350
172 169
171 200
171 123
171 155
171 154
171 1793
171 196
171 1797
171 193
171 168
171 137
171 169
171 113
171 205
171 225
171 170
170 169
656 618
656 620
656 679
656 1078
656 754
656 675
656 758
656 703
656 657
656 655
656 651
1503 1504
1500 1465
1500 1499
1500 1501
655 651
655 679
655 710
652 618
652 696
652 598
652 589
652 651
1507 1482
1507 1506
1507 1504
1507 1465
1507 226
1507 1508
1507 1509
1507 1510
1367 1216
1367 833
1367 1353
1367 1328
1367 1366
1367 1370
1367 1252
1367 1361
1367 976
1504 1472
1504 1482
1504 1502
1504 1465
1504 1518
1504 1498
1504 1499
1505 1465
1505 1499
1505 1478
1505 1506
1505 1510
273 1718
273 497
659 887
659 597
659 608
659 661
659 660
659 600
659 635
659 1810
659 625
659 858
659 654
659 653
659 650
659 651
659 658
659 632
659 634
659 679
659 637
659 638
659 639
659 589
659 640
659 477
659 647
659 1747
659 514
1362 1363
1362 1376
1618 1647
1618 1435
1618 1812
1618 1619
1618 1708
1618 1600
1618 1719
1618 1615
1618 1612
1618 1610
1618 1606
1618 1616
1618 1252
1618 1687
1618 1691
1618 1465
1618 1602
1619 858
1619 1713
1619 1588
1619 1616
1619 1614
1619 1612
1619 638
1619 1560
1619 1675
1619 1793
1619 1595
1619 1636
1619 1642
1619 1708
1619 1603
1619 1606
1619 1685
1619 1049
1616 858
1616 1206
1616 181
1616 86
1616 1630
1616 1617
1616 1614
1616 1615
1616 1612
1616 1611
1616 1465
1616 1466
1616 583
1616 638
1616 149
1616 1595
1616 1591
1616 59
1616 58
1616 1559
1616 1602
1616 1649
1616 1607
1616 1606
1616 1454
1616 477
1616 1567
1617 1608
1617 1602
1617 1612
1617 1606
1617 1594
1617 1662
1614 1615
1614 1612
1614 1613
1615 59
1615 1605
1615 1602
1615 1612
1615 1604
1615 193
1615 1611
1615 1
1615 1708
1615 1683
1615 1493
1615 1591
1615 186
1615 1747
1612 1733
1612 1613
1612 1548
1612 1611
1612 1563
1612 1608
1612 1595
1612 1591
1612 1609
1612 59
1612 1708
1612 1600
1612 1603
1612 1606
1613 1604
1610 1609
1610 1611
1610 1567
1611 1642
1611 1602
1611 1028
1611 1606
1611 1595
1114 1074
1114 710
1114 1113
1114 1105
1114 1115
1114 1116
1363 1243
1363 1344
1363 1356
1768 230
1768 1775
1768 1774
1768 1770
1768 1813
1768 1583
1768 312
1768 1391
1768 205
1768 512
1768 1792
1768 566
1768 1804
1768 1708
1768 54
1768 36
1768 1809
1768 1763
1768 1761
1768 1766
1768 1767
1768 1764
1769 1763
1769 1770
1769 1737
1769 589
1762 1763
1763 155
1763 1786
1763 1787
1763 82
1763 887
1763 497
1763 86
1763 1816
1763 1776
1763 21
1763 1812
1763 1731
1763 1583
1763 1393
1763 1699
1763 583
1763 1793
1763 441
1763 1797
1763 1711
1763 1053
1763 161
1763 220
1763 1764
1760 1761
1760 1704
1760 21
1760 1797
1760 64
1760 1747
1761 1777
1761 1717
1761 1356
1761 153
1766 1789
1766 1816
1766 1797
1766 1451
1766 1767
1767 1797
1764 1786
1765 1773
1765 19
1765 1592
1765 131
1765 475
1765 802
1765 1747
1142 1141
1142 1143
1142 1130
1142 1168
1143 1144
1143 1121
1143 1130
1143 1150
1140 1128
1140 1121
1140 1141
1140 1144
1141 1129
1141 1708
1141 1131
1141 1137
1141 1298
1141 1456
1141 1299
1146 1148
1146 1145
1146 1147
1146 1136
1147 1150
1147 1144
1144 1145
1144 1155
1144 1121
1144 1157
1144 1206
1144 1151
1144 1150
1144 1127
1144 1136
1144 1352
1144 1148
1145 1150
1148 1128
1148 1132
1148 1149
1148 1151
1148 1150
1148 1121
1148 1202
1149 1139
1149 1206
1149 1151
1149 1150
692 751
692 691
692 696
692 698
692 858
692 703
692 887
692 710
1547 1465
1547 1550
1547 1510
1547 1548
1547 1546
690 353
690 578
690 708
690 600
690 666
690 699
690 329
690 703
690 691
690 644
690 684
690 686
690 589
690 679
691 319
691 708
691 602
691 159
691 705
691 706
691 700
691 593
691 703
691 887
691 621
691 589
691 693
691 696
691 694
691 698
691 665
691 631
691 584
691 678
691 679
691 467
691 677
691 672
691 710
691 615
691 160
691 205
691 1821
691 802
691 686
1542 1537
1542 1465
1542 1541
1542 1543
1542 1550
1543 1544
1543 49
1543 1549
1543 1536
1543 1499
1543 1510
1540 1546
1540 1602
1540 1539
1540 1541
695 693
695 696
695 679
695 699
695 710
695 733
695 135
695 703
695 482
695 851
698 700
699 693
699 708
699 694
699 704
699 677
699 700
699 584
699 566
699 710
699 678
699 660
699 802
699 703
1548 1550
1548 1545
1548 1554
1548 1549
1548 1537
1548 1527
1548 1538
1549 1550
1549 858
1549 477
1549 86
542 590
542 583
542 589
542 537
542 541
542 545
542 507
542 549
542 539
543 487
543 751
543 589
540 215
540 744
540 541
540 544
540 545
540 587
540 583
540 560
540 611
540 1797
540 589
540 484
540 1028
540 537
540 353
540 477
540 647
540 802
540 539
541 674
541 566
541 544
541 475
541 539
546 593
546 545
546 566
546 560
546 547
546 413
546 549
547 548
547 566
544 583
544 675
544 467
544 858
544 566
544 316
544 537
544 477
544 545
544 802
544 549
545 489
545 537
545 675
545 566
545 589
545 477
545 522
545 413
545 520
545 504
545 710
545 514
548 1738
548 1811
548 589
548 186
548 477
549 568
549 678
549 679
549 518
549 560
549 566
549 589
549 525
549 360
549 594
760 761
760 770
760 754
760 759
760 758
760 764
761 762
761 751
1784 1792
1784 1785
1784 1786
1784 1669
1784 83
767 591
767 768
767 757
767 679
767 755
767 639
767 700
767 661
767 710
767 724
767 403
767 764
767 722
767 765
1786 1789
1786 155
1786 1782
1786 1785
1786 1787
1786 1821
1786 1823
1786 83
1786 1716
1786 1813
1786 1778
1786 1
1786 4
1786 1673
1786 612
1786 1797
1786 566
1786 169
1786 1433
1786 1801
1786 1714
1786 37
1786 36
1786 35
1786 1606
1786 1680
1786 1747
1787 24
1787 150
1787 1777
1787 1716
1787 1813
1787 1797
1787 1770
414 802
414 411
414 412
414 415
415 418
415 411
415 425
415 402
416 589
416 470
416 417
416 403
416 421
416 418
417 220
417 418
417 412
417 589
410 657
410 411
410 421
410 495
410 477
411 604
411 593
411 594
411 317
411 495
411 403
411 326
411 466
411 181
411 222
411 353
411 477
411 412
411 413
412 593
412 588
412 413
412 421
413 439
1384 1353
1384 44
1384 1335
1384 1385
1384 1386
1384 1391
1385 1353
1385 1386
1385 926
1385 1391
1386 1810
1386 1370
1386 1429
1386 1110
1386 1376
1386 1391
1386 1404
1386 1312
1386 778
1386 1430
1386 1186
1386 1393
1386 1364
1386 1450
1386 802
1386 1412
1386 1387
1386 1383
1387 1344
1387 1388
1387 1404
1387 1380
1387 1391
1387 1383
1380 1400
1380 1426
1380 1353
1380 1399
1380 1393
419 477
419 426
419 232
419 385
1382 1252
1382 1381
1382 1383
1383 1448
368 353
368 369
369 606
369 254
369 85
369 1819
369 325
369 421
369 283
369 360
369 267
369 366
369 382
369 384
369 227
369 353
369 510
369 359
366 333
366 444
366 354
366 477
366 365
366 362
366 364
366 361
367 458
367 875
367 364
367 283
367 490
364 353
364 363
364 321
364 384
364 360
364 365
364 359
365 357
362 908
362 475
362 353
362 350
362 283
362 361
363 332
363 353
363 326
363 361
360 526
360 353
360 359
360 361
361 355
361 354
361 353
380 384
380 1028
381 384
381 385
381 237
381 490
382 612
382 315
382 1460
382 268
382 418
383 577
383 460
383 384
383 264
383 421
383 226
384 232
384 281
384 283
384 308
384 385
384 386
384 389
384 356
384 354
384 353
384 477
384 430
385 386
385 612
385 675
385 400
385 509
385 421
386 258
386 387
386 389
387 473
387 400
387 388
389 24
389 319
389 616
389 566
389 444
258 283
258 260
258 269
258 257
259 710
259 260
259 644
259 269
259 256
252 266
252 227
252 283
252 237
252 254
250 251
250 268
250 237
251 628
251 193
251 180
251 1465
251 1747
251 1393
256 265
256 261
256 353
256 283
256 255
257 210
257 638
257 262
257 9
257 69
257 269
254 217
254 678
254 141
254 312
254 333
254 314
254 233
254 255
255 265
255 261
255 229
168 593
168 154
168 196
168 1344
168 193
168 703
168 121
168 169
168 129
168 1465
168 165
168 139
168 167
168 161
169 1807
169 150
169 135
169 1813
169 1120
169 466
169 137
169 117
169 1050
169 162
169 600
169 165
169 166
169 167
164 217
164 155
164 159
164 186
164 165
164 163
164 1461
165 118
165 147
165 1816
165 155
165 156
165 1813
165 159
165 312
165 311
165 1581
165 1734
165 1736
165 802
165 166
165 162
166 1773
166 1643
166 158
166 30
166 193
166 149
166 181
166 162
167 308
167 210
167 134
167 421
167 162
160 1793
160 193
160 131
160 218
160 802
160 282
160 86
160 161
160 162
161 150
161 155
161 196
161 40
161 181
161 225
161 162
162 150
162 887
162 210
162 156
162 131
162 142
162 583
162 149
162 123
162 124
162 163
162 59
162 50
163 1647
163 141
163 1797
163 193
678 627
678 594
678 669
678 704
678 662
678 764
678 703
678 708
678 231
678 731
678 674
678 568
678 633
678 679
678 638
678 675
678 677
678 670
678 589
678 661
678 710
678 1700
678 537
678 640
678 645
678 802
1091 1087
1091 1086
1091 1085
1091 1340
1091 1121
1091 1206
1091 1267
1091 988
1091 1089
1091 1264
1091 1050
1091 1051
1091 1428
1091 1074
1091 952
1091 1072
1091 1105
1091 1018
1091 1465
1091 722
1091 1095
1091 1096
1091 1097
1091 1092
1091 1093
1091 1356
1091 1119
1091 1045
1091 1044
1091 1184
1091 1028
1091 1067
1091 1107
1091 1245
1091 1009
1091 1101
1814 1819
1814 1812
1814 589
1815 1816
1815 1699
1815 1813
1816 150
1816 155
1816 1344
1816 1734
1816 1809
1816 1630
1816 1738
1816 1817
1816 1812
1816 1813
1816 1074
1816 839
1816 1818
1816 1819
1816 35
1816 1465
1816 1670
1816 24
1816 638
1816 1797
1816 1789
1816 127
1816 1700
1816 54
1816 1602
1816 1821
1816 50
1816 1823
1816 1472
1816 1455
1816 477
1816 1747
1816 1510
1817 887
1817 1797
1817 1823
1817 710
1810 59
1810 1811
1810 49
1810 19
1810 1809
1810 117
1810 1576
1811 1805
1811 1812
1811 1813
1811 337
1811 45
1811 1818
1811 36
1811 1809
1811 1606
1811 1797
1811 131
1811 73
1811 1414
1811 1391
1812 1641
1812 1279
1812 82
1812 62
1812 113
1812 226
1812 1421
1812 1738
1812 1813
1812 47
1812 40
1812 283
1812 189
1812 24
1812 144
1812 1793
1812 1797
1812 13
1812 15
1812 14
1812 1805
1812 59
1812 1643
1812 1801
1812 1602
1812 1821
1812 1809
1812 1822
1812 1668
1813 150
1813 593
1813 155
1813 193
1813 36
1813 62
1813 50
1813 1808
1813 49
1813 1818
1813 1819
1813 1
1813 6
1813 283
1813 144
1813 583
1813 140
1813 1792
1813 1797
1813 1777
1813 222
1813 858
1813 1807
1813 1805
1813 1804
1813 59
1813 1802
1813 16
1813 55
1813 54
1813 31
1813 30
1813 1821
1813 1820
1813 1809
1813 1822
1813 477
1813 1747
1813 72
1818 193
1818 1822
1818 589
1819 1805
1819 12
1819 142
1819 30
1819 703
1819 186
1819 7
1819 1744
1819 1259
1098 1101
1099 1083
1099 1046
1099 1189
1099 1076
1099 1121
1099 1029
1099 1028
1099 1067
1099 1088
1099 1298
1099 1105
1099 1465
1099 1118
1099 1109
1609 1600
1609 1603
1609 1606
1609 1446
1608 1607
1608 1736
1608 131
1608 1352
1608 1606
1608 1672
1601 570
1601 1594
1601 1708
1601 1600
1601 1602
1601 1606
1601 1697
1601 237
1600 1349
1600 887
1600 1082
1600 1589
1600 1583
1600 1581
1600 1696
1600 1465
1600 1402
1600 1563
1600 1393
1600 1463
1600 1095
1600 1595
1600 1594
1600 1597
1600 1591
1600 1599
1600 1598
1600 1704
1600 1602
1600 35
1600 1606
1600 1687
1600 1747
1600 1539
1603 1708
1603 1602
1603 1604
1602 312
1602 1206
1602 1344
1602 1028
1602 1525
1602 1520
1602 1399
1602 1691
1602 1560
1602 1675
1602 1563
1602 207
1602 1644
1602 1477
1602 1595
1602 1465
1602 1597
1602 1596
1602 1591
1602 226
1602 1599
1602 1550
1602 1605
1602 1604
1602 1606
1602 1539
1602 1687
1602 1747
1602 1741
1602 1574
1605 1604
1604 1606
1604 1698
1607 1646
1607 1716
1607 1725
1607 1797
1607 1606
1606 150
1606 1414
1606 1263
1606 196
1606 1695
1606 1461
1606 1654
1606 1630
1606 1680
1606 1429
1606 1639
1606 1186
1606 1658
1606 1442
1606 1465
1606 1675
1606 504
1606 1563
1606 1391
1606 1582
1606 710
1606 1595
1606 1590
1606 11
1606 1646
1606 1802
1606 1801
1606 55
1606 50
1606 1519
1606 1451
1606 1583
1606 1747
1606 1577
1606 1576
1606 1417
809 810
809 802
809 830
809 808
808 1206
808 819
808 802
808 807
808 804
803 802
803 887
803 804
803 814
803 835
802 768
802 769
802 763
802 1782
802 664
802 662
802 764
802 765
802 131
802 653
802 798
802 1772
802 819
802 810
802 811
802 812
802 813
802 814
802 815
802 816
802 817
802 1094
802 996
802 679
802 675
802 1797
802 998
802 710
802 1264
802 828
802 825
802 824
802 826
802 821
802 820
802 823
802 822
802 708
802 1121
802 1328
802 707
802 700
802 702
802 1088
802 893
802 797
802 833
802 830
802 831
802 793
802 792
802 835
802 839
802 799
802 1009
802 1252
802 421
802 1016
802 1017
802 587
802 584
802 448
802 779
802 305
802 306
802 589
802 776
802 785
802 845
802 787
802 843
802 781
802 782
802 840
802 786
802 908
802 853
802 788
802 849
802 641
802 1245
802 647
802 1001
802 516
802 622
802 450
802 628
802 606
802 744
802 855
802 851
802 852
802 858
802 1502
802 733
802 186
802 734
802 508
802 651
802 738
802 1000
802 753
802 751
802 737
802 638
802 467
802 758
802 565
802 566
802 1465
802 1591
802 795
802 780
802 703
802 842
802 1027
802 1186
802 783
802 1028
802 726
802 722
802 723
802 720
802 721
802 728
802 881
802 880
802 887
802 886
802 747
802 749
802 1206
802 796
802 756
802 1050
802 879
802 47
802 953
802 45
802 1683
802 323
802 1112
802 1115
802 1290
802 1449
802 775
802 832
802 619
802 771
802 770
802 772
802 616
802 778
802 615
802 794
802 836
802 482
802 480
802 800
802 1044
802 806
802 471
802 353
802 801
802 807
802 874
802 805
802 804
801 708
801 788
801 783
800 795
800 794
800 799
806 886
806 805
805 845
805 887
805 820
805 814
805 804
804 858
804 810
804 825
804 814
804 823
804 828
1775 1774
1775 1777
1774 1413
1774 1773
1774 1772
1774 1797
1774 50
1774 28
1774 62
1774 1668
1774 82
1774 139
1774 1747
1777 13
1777 1708
1777 1782
1777 1696
1777 1747
1776 59
1771 24
1771 155
1771 1770
1771 1773
1771 1779
1771 50
1771 1465
1770 1773
1770 131
1770 1459
1773 1772
1773 1353
1773 1415
1772 59
1772 49
1772 44
1772 86
1779 1803
1779 1797
1779 1778
1778 622
1778 1789
1778 1708
1159 1160
1159 1158
1159 1162
1159 1155
1159 1121
1159 1156
1159 1150
1158 1121
1158 1169
1158 1150
1158 1154
1155 1121
1155 1156
1155 1252
1155 1154
1155 1465
1154 1304
1154 1121
1154 1153
1154 1297
1157 1164
1157 1121
1157 1156
1157 1299
1156 1166
1156 1206
1156 1151
1156 1169
1156 1153
1156 1150
1156 1152
1151 1206
1151 1161
1151 1637
1151 1169
1151 1121
1151 1267
1151 1152
1151 1391
1151 589
1151 1150
1150 1128
1150 1121
1153 1152
1152 1164
1152 1189
1152 1121
59 155
59 1821
59 62
59 70
59 1785
59 193
59 50
59 60
59 131
59 89
59 64
59 65
59 67
59 68
59 69
59 80
59 1822
59 86
59 850
59 49
59 19
59 1074
59 1718
59 43
59 40
59 130
59 27
59 3
59 1252
59 1465
59 1675
59 283
59 1651
59 287
59 56
59 679
59 301
59 566
59 149
59 125
59 127
59 226
59 58
59 133
59 1805
59 282
59 15
59 1245
59 1729
59 33
59 32
59 51
59 36
59 52
59 726
59 1708
59 63
59 476
59 37
59 88
59 54
59 1538
1554 1553
1554 1555
1554 1556
1554 1527
1554 1563
1551 1550
1551 1552
1551 1518
1550 1546
1550 1545
1550 20
1550 1526
1550 1524
1550 1525
1550 1694
1550 1527
1550 1658
1550 1465
1550 1562
1550 1563
1550 1528
1550 1518
1550 1477
1550 1595
1550 1591
1550 1498
1550 1553
1550 1552
1550 1555
1550 1557
1550 1559
1550 1558
1550 1536
1550 1532
1550 1531
1550 1686
1550 1514
1550 1511
1550 1510
1550 1539
1550 1538
1553 1552
1553 1555
1553 1518
1552 1559
1552 1595
1552 1591
1552 1518
1555 1556
1555 1559
1555 1558
1555 1565
1555 1595
1555 1563
1555 1564
1555 1576
58 151
58 150
58 35
1557 1539
1557 1558
1557 1525
1557 1562
1557 1511
1557 1565
1557 1566
1556 1546
1556 1544
1556 1545
1556 1565
1556 155
1556 1598
1559 1558
1559 1536
1559 1591
1559 1532
1559 1560
1559 1561
1559 1565
1559 1574
54 210
54 193
54 65
54 69
54 25
54 21
54 1715
54 43
54 186
54 283
54 1420
54 1335
54 1797
54 149
54 71
54 264
54 11
54 33
54 57
54 36
54 53
54 52
54 55
57 22
57 55
57 52
57 66
57 84
56 55
56 86
56 70
51 38
51 851
51 49
51 19
51 1729
51 50
51 333
51 52
51 46
51 36
51 1335
51 1295
50 887
50 1723
50 36
50 65
50 68
50 1738
50 48
50 49
50 46
50 44
50 43
50 41
50 182
50 6
50 1675
50 1797
50 149
50 1264
50 14
50 1708
50 1821
50 1028
50 53
50 19
50 37
50 1688
53 25
53 52
52 48
52 49
52 305
52 1511
537 458
537 627
537 573
537 498
537 574
537 582
537 527
537 520
537 440
537 461
537 566
537 710
537 589
537 536
537 534
537 533
537 530
537 539
537 538
55 622
55 1821
55 1697
55 1361
55 1675
535 534
535 526
535 566
534 526
534 650
534 520
534 521
534 522
534 528
534 618
534 508
534 583
534 638
534 615
534 264
534 589
534 481
534 536
534 533
534 532
533 527
533 520
533 283
532 593
532 565
532 518
532 654
532 520
532 522
532 530
532 495
532 504
532 422
1558 1708
1558 1525
1558 1560
1558 1477
1558 1465
1558 1517
1558 1563
1558 1518
1081 1086
1081 1078
1081 1079
1081 1075
1081 1029
1081 1028
1081 1073
1081 1118
1081 1416
538 589
538 475
536 593
536 526
536 283
429 458
429 461
429 433
429 421
429 326
429 231
429 186
429 332
429 424
429 430
1399 1420
1399 1394
1399 1353
1399 1393
1399 1356
1399 1397
1399 1591
1399 1465
1399 1396
1399 1401
1399 1400
1399 1391
1398 1428
1398 1397
1398 1121
1398 421
1398 1400
1398 1406
1397 1447
1397 1435
1397 1201
1397 1356
1397 1067
1397 1418
1397 1445
1397 1408
1397 1456
1397 1465
1397 1400
1397 1393
1397 1406
1396 1422
1396 140
1396 1643
1396 1435
1396 1465
1396 1402
1396 1395
1396 1393
1396 1404
1395 1435
1395 1393
1395 1394
1394 1465
1394 1402
1394 1393
425 440
425 439
425 432
425 598
425 421
425 423
425 422
425 418
425 424
425 481
1392 1465
1392 1393
1392 1391
427 1080
427 155
427 426
426 339
426 466
426 315
426 501
530 774
530 596
530 514
530 529
539 590
539 499
539 507
539 514
1321 1322
1321 1326
1321 1267
1321 1337
1321 1797
1321 1313
1321 887
229 216
229 217
229 210
229 196
229 227
229 237
229 230
229 231
229 233
229 726
229 77
229 225
229 74
229 220
228 226
228 196
228 232
227 300
227 312
227 453
227 267
227 325
227 226
227 230
227 223
226 196
226 316
226 193
226 237
226 232
226 851
226 953
226 200
226 460
226 218
226 225
226 224
226 223
226 220
226 1821
225 217
225 210
225 197
225 196
225 317
225 333
225 237
225 230
225 232
225 952
225 222
225 522
225 504
225 187
225 205
225 204
225 206
225 209
225 588
225 121
225 269
225 224
225 223
225 220
225 477
225 512
224 223
224 222
223 316
223 222
223 283
222 217
222 214
222 199
222 210
222 197
222 331
222 193
222 237
222 232
222 44
222 205
222 305
222 218
222 221
222 220
222 477
221 508
220 235
220 217
220 205
220 269
220 210
220 612
220 181
220 117
220 186
220 207
220 1489
220 230
151 150
151 152
151 155
150 152
150 155
150 154
150 210
150 156
150 1206
150 315
150 131
150 130
150 1823
150 86
150 501
150 144
150 310
150 269
150 140
150 141
150 1797
150 1594
150 126
150 14
150 13
150 901
150 1708
150 32
150 117
150 35
150 89
150 88
150 1668
153 131
153 155
152 155
152 501
155 154
155 157
155 1080
155 1120
155 158
155 310
155 317
155 89
155 217
155 80
155 86
155 1738
155 156
155 181
155 186
155 200
155 147
155 140
155 141
155 1797
155 1594
155 123
155 125
155 31
155 36
155 1668
155 1538
154 138
157 458
157 158
157 156
159 210
159 158
159 700
159 269
158 301
158 439
158 495
1805 1799
1805 1804
1805 1801
1805 1793
1805 1797
1805 1792
1805 1802
1804 1808
1803 1802
1802 1801
1802 1809
1802 3
1801 1798
1801 1079
1801 1792
1801 1799
1801 1809
1801 1680
1801 62
1801 1028
1809 1789
1809 887
1809 1716
1809 217
1809 1792
1809 1791
1809 1821
1809 1822
1809 1797
1809 186
1809 1661
1808 1121
1256 1323
1256 1340
1256 639
1256 1063
1256 1264
1256 1252
1544 1530
1544 1533
1544 1523
1544 1598
1544 1538
1525 1545
1525 1524
1525 1526
1525 1527
1525 1591
1525 1518
1525 1522
1525 1523
1525 1465
1525 1511
1525 1562
1525 1528
1525 1539
1525 1532
1526 1465
1526 1518
818 815
818 817
819 814
819 820
1255 1313
1255 1273
1255 1252
1255 1253
1255 1294
810 893
810 811
810 825
811 851
811 908
811 812
811 814
811 820
812 851
812 1078
812 858
812 1465
812 813
812 814
812 816
813 1644
813 841
813 814
813 823
814 846
814 856
814 887
814 842
814 877
814 858
814 830
814 815
814 825
814 851
814 820
814 823
815 1050
815 857
815 816
816 845
816 823
816 817
817 829
817 828
1522 1521
1522 1493
1522 1519
1522 1527
1522 1523
1522 1465
1522 1518
1523 1546
1523 1716
1523 1524
1523 181
1523 1519
1523 1521
1523 1531
1523 1530
1523 1465
1523 1529
1523 1539
1523 1518
1490 1491
1490 1492
1490 1501
1490 1496
1490 1465
1490 1478
1490 1466
1490 1489
1491 1492
1491 1481
1491 1493
1491 1484
1491 1488
1492 1465
1492 1493
1492 1509
1493 1487
1493 1475
1493 1484
1493 1501
1493 1494
1493 1468
1493 1496
1493 1497
1493 1498
1493 1465
1493 1479
1493 1495
1494 1488
1494 1495
1494 1497
1494 1498
1494 1508
1494 1479
1494 1511
1495 1477
1495 1496
1495 1475
1495 1498
1495 1489
1495 1564
1495 1510
1496 1497
1496 1465
1496 1501
1497 1498
1497 1499
1497 1501
1498 1484
1498 1489
1498 1713
1498 1524
1498 1502
1498 1501
1498 1506
1498 1465
1498 1508
1498 1532
1498 1499
1498 1472
1498 1470
1498 1518
1498 1475
1498 1514
1498 1478
1498 1479
1498 1510
423 676
423 579
423 424
1700 1630
1700 1701
1700 1714
1700 1708
1700 1702
1700 1734
1700 1692
1700 1699
1700 1662
1701 593
1701 851
1701 1714
1701 1708
1701 589
1701 982
1701 1691
1701 1698
1702 1212
1702 13
1702 1699
1702 1369
1703 1704
1703 1716
1703 1708
1703 1648
1703 1697
1703 1694
1703 1677
1704 1705
1704 1714
1704 1708
1704 1737
1704 1721
1704 1696
1704 1463
1705 1733
1705 1634
1706 1689
1706 1707
1707 1744
1707 1689
1707 1714
1708 27
1708 20
1708 1465
1708 1675
1708 1517
1708 1462
1708 1798
1708 1793
1708 710
1708 12
1708 1709
1708 1418
1708 1669
1708 1665
1708 1663
1708 926
1708 1323
1708 593
1708 111
1708 113
1708 1713
1708 1711
1708 1710
1708 1717
1708 1716
1708 1714
1708 1718
1708 3
1708 1252
1708 1519
1708 1656
1708 1391
1708 1390
1708 1645
1708 1647
1708 1646
1708 1727
1708 1649
1708 36
1708 1699
1708 1632
1708 1422
1708 1637
1708 1583
1708 1733
1708 1735
1708 1737
1708 181
1708 1356
1708 566
1708 1595
1708 1594
1708 1591
1708 1593
1708 1028
1708 1454
1708 722
1708 1745
1708 1746
1708 1747
1708 1510
1708 606
1708 1206
1708 953
1708 1697
1708 1694
1708 1695
1708 1693
1708 1690
1708 1292
1708 1698
1708 200
1708 1271
1708 1044
1708 1680
1708 1685
1708 1477
1708 1687
1708 1686
1708 1689
1708 1688
1708 1478
1393 1326
1393 1206
1393 986
1393 1420
1393 1413
1393 1038
1393 1335
1393 1252
1393 1465
1393 1401
1393 1391
1393 1359
1393 1358
1393 1339
1393 1353
1393 1344
1393 1333
1393 1435
1393 1402
1393 1400
1393 1594
1393 1182
1393 1406
1393 1366
1393 1419
1393 1404
1393 1416
1393 1369
424 594
424 637
424 617
424 589
424 433
1391 1323
1391 1270
1391 1121
1391 1267
1391 1266
1391 1204
1391 1454
1391 82
1391 1439
1391 679
1391 1420
1391 22
1391 1070
1391 1370
1391 1299
1391 1252
1391 1377
1391 1376
1391 1465
1391 1400
1391 1460
1391 1312
1391 1390
1391 1339
1391 770
1391 1738
1391 1353
1391 1344
1391 1361
1391 1356
1391 1674
1391 125
1391 1118
1391 1031
1391 1461
1391 1329
1391 1029
1391 1418
1391 583
1391 1388
1391 1389
1391 1360
1391 1246
1391 1404
1391 1414
1391 1381
1390 1418
1390 1116
1128 1129
1128 1161
1128 1121
1128 1130
1128 1132
1129 1131
1129 1122
1120 1313
1120 976
1120 1206
1120 878
1120 186
1120 1121
1120 1101
1120 1065
1120 999
1120 1252
1120 1115
1120 1116
1120 1118
1120 1011
1121 1304
1121 1269
1121 1307
1121 1260
1121 1078
1121 1079
1121 1074
1121 1071
1121 938
1121 1465
1121 1094
1121 1096
1121 1092
1121 1093
1121 1061
1121 1086
1121 1083
1121 1182
1121 1122
1121 1124
1121 1125
1121 1089
1121 1127
1121 113
1121 1252
1121 1014
1121 1139
1121 1133
1121 1132
1121 1137
1121 1136
1121 1135
1121 589
1121 1276
1121 1134
1121 1647
1121 1245
1121 1249
1121 1087
1121 1344
1121 68
1121 708
1121 977
1121 976
1121 851
1121 1428
1121 1585
1121 1030
1121 1446
1121 1126
1121 1025
1121 868
1121 1020
1121 1186
1121 1029
1121 1028
1121 1105
1121 722
1121 1101
1121 1109
1121 1164
1121 1167
1121 887
1121 1161
1121 1206
1121 1169
1121 1053
1121 1055
1121 1056
1121 951
1121 1059
1121 952
1121 955
1121 1110
1121 1115
1121 1117
1121 1116
1121 1118
1121 1297
1121 1698
1121 1278
1121 1183
1121 1273
1121 679
1121 13
1121 353
1121 352
1121 990
1122 1123
1123 1167
1124 1130
1124 1125
1124 1127
1125 1186
1125 1184
1125 1169
1125 1244
1126 1127
1127 1137
1127 1206
1127 1132
524 525
524 527
524 514
524 523
525 193
525 231
525 526
525 527
525 509
525 514
525 492
526 527
526 576
526 589
526 475
526 529
527 887
527 666
527 567
527 589
520 606
520 744
520 1
520 522
520 504
520 528
520 503
520 508
520 566
520 484
520 483
520 519
520 518
520 477
520 514
1019 964
1019 1026
1019 1021
1019 972
1019 992
1019 1028
1019 1018
1019 1020
1019 1013
522 621
522 563
522 566
522 703
522 528
522 269
522 477
523 353
1014 1028
1014 1020
1014 1013
1541 610
1541 1665
1016 1017
1016 1015
1017 1206
1017 975
1017 974
1017 973
1017 951
1017 953
1017 733
1017 1018
1017 1015
1017 1011
1017 1012
1017 1013
1017 586
1017 997
1017 990
1017 993
1017 1356
1017 998
1017 964
1017 900
1017 1020
1017 1044
1017 1028
1017 928
1017 1105
1017 1009
1017 1003
528 587
528 618
528 583
528 700
528 566
528 510
528 529
1011 900
1011 858
1011 999
1011 1010
1011 1012
1012 1020
1012 1044
1012 1028
1012 1088
1012 1252
1012 1009
1012 1005
1012 1013
1013 977
1013 772
1013 951
1013 1028
1013 588
1013 673
1013 1009
1013 1008
1013 1003
1013 1000
1234 1241
1234 1235
1234 1232
1234 1233
1235 1241
1235 1236
1235 1594
1236 1230
1236 1218
1236 1252
1236 1337
1237 1206
1237 1222
1237 1273
1237 1238
1237 1252
1237 1249
1230 1231
1230 1337
1230 1206
1230 1229
1230 1218
1231 1229
1231 1232
1231 1228
1232 1229
1232 1233
1238 1206
1239 1206
438 210
438 405
438 353
438 431
439 450
439 571
439 315
439 703
439 88
439 508
439 422
439 500
439 449
439 400
439 443
439 301
439 1337
439 440
439 447
439 589
439 436
439 418
439 433
439 430
439 431
436 443
436 887
436 433
434 435
435 433
433 458
433 217
433 440
433 461
433 446
433 422
430 313
430 908
430 444
430 421
430 489
430 420
430 431
431 489
238 235
238 237
234 301
234 232
235 708
235 237
237 319
237 210
237 191
237 193
237 134
237 231
237 232
237 6
237 188
237 184
237 305
230 1739
230 217
230 845
230 126
230 186
230 612
230 333
230 86
230 232
231 217
231 338
231 1718
231 446
231 193
231 333
231 186
231 1449
231 326
231 232
232 216
232 213
232 210
232 310
232 265
232 193
232 233
232 196
232 124
233 186
1 2
1 30
1 708
1 186
1 44
1 1797
1 1028
1 3
1 5
1 1361
1 1676
1 119
1 283
146 147
146 145
146 149
146 139
147 214
147 199
147 143
147 144
147 193
147 149
147 180
147 65
147 148
147 136
144 145
144 142
144 1637
144 1261
144 193
144 111
144 333
144 148
144 73
145 1644
145 836
145 133
142 132
142 283
143 131
140 149
140 121
140 1059
140 141
140 1652
140 137
140 113
140 186
141 976
141 1344
141 149
141 131
141 186
141 134
141 85
148 133
148 113
149 583
149 596
149 1028
149 86
149 529
939 980
939 952
939 940
939 938
939 919
939 908
938 1087
938 1082
938 977
938 951
938 953
938 919
938 933
938 934
938 937
938 910
938 1035
938 1026
938 949
938 944
938 942
938 1028
938 940
938 941
938 929
938 923
938 1003
938 908
933 908
933 942
933 932
933 936
933 934
932 1041
932 951
932 1337
932 931
932 908
932 927
931 929
931 908
931 930
931 1250
930 951
930 929
930 908
937 953
937 985
937 908
937 936
937 926
936 951
936 908
936 1264
936 935
936 934
935 934
934 943
934 921
829 830
829 1074
829 828
828 833
828 842
828 841
828 840
828 858
828 838
828 822
828 827
825 831
825 887
825 842
825 824
825 826
824 832
824 887
824 823
827 826
827 842
827 886
821 1184
821 858
821 820
821 822
820 830
820 886
820 858
820 845
820 851
820 822
823 845
823 840
823 822
823 858
823 900
823 979
823 1252
823 1005
822 844
822 843
822 851
822 840
822 831
1483 1482
1483 1481
1483 1480
1483 1487
1483 1484
1482 1481
1482 1475
1482 1465
1482 1477
1481 1470
1481 1468
1481 1484
1481 1465
1481 1466
1480 1465
1480 1466
1480 1487
1480 1479
1487 1506
1487 1527
1487 1484
1487 1488
1487 1486
1487 1512
1486 1821
1486 1594
1486 1485
1486 1465
1486 1673
1485 1465
1484 1465
1484 1479
1489 1488
1489 1477
1489 1465
1489 1469
1489 1479
1488 1465
1488 1469
1488 1665
1488 1698
797 796
797 787
797 744
797 792
797 791
797 788
797 798
797 793
797 1252
1712 1713
1712 1733
1712 1747
1712 1711
1712 1714
1711 24
1711 1710
1711 1717
1711 1716
1711 47
1711 1733
1711 1675
1711 189
1711 1646
1711 1563
1711 1747
1711 1028
1711 1510
1711 1719
1711 1539
794 795
794 750
794 793
794 783
794 858
794 726
794 722
1717 30
1717 1716
1717 1715
1717 1714
1717 1733
1717 1718
1717 1821
1717 1112
1717 1692
1717 1670
792 785
792 845
792 793
792 791
792 782
792 788
792 858
792 768
792 1252
1715 1716
1715 1714
1715 1719
1715 1747
1714 1713
1714 20
1714 1731
1714 1735
1714 1737
1714 1695
1714 1465
1714 1698
1714 206
1714 1797
1714 908
1714 1722
1714 1680
1714 1747
1719 1738
1719 30
1719 1691
1719 1716
1719 1729
1719 1718
1719 1722
1719 36
1719 1720
1719 1697
1719 65
1719 1687
1719 1747
1719 4
1718 210
1718 1729
1718 1727
1718 1733
1718 1794
1718 1744
798 795
1270 1269
1270 1058
1270 1271
1270 1273
1270 1267
1270 1252
1270 1413
1271 591
1271 796
1271 1422
1271 1262
1271 1272
1271 1273
1271 1400
1271 1297
610 587
610 621
610 606
610 705
610 609
610 611
610 1797
1273 1269
1273 1268
1273 1301
1273 1302
1273 1263
1273 1267
1273 1265
1273 1264
1273 1050
1273 42
1273 1257
1273 1252
1273 1465
1273 1297
1273 1259
1273 1272
1273 1311
1273 1337
1273 1274
1273 1275
1273 1795
1273 1292
1273 787
1273 1435
1273 1184
1273 1028
1273 1245
1273 1299
1273 1109
1133 1134
1133 1132
1132 1206
1132 1131
1131 1130
1130 1169
1137 1136
1137 1465
1135 21
1135 19
1135 1134
1135 1298
1275 753
1275 1274
1275 1277
1275 1252
1275 1465
1276 1278
1276 1286
1276 1277
1276 1252
615 631
615 621
615 600
615 603
615 638
615 639
615 664
615 584
615 614
615 650
615 611
519 514
518 583
518 904
518 783
518 667
518 700
518 1823
518 306
518 403
518 353
518 710
1009 989
1009 887
1009 851
1009 853
1009 1059
1009 1075
1009 1252
1009 1010
1009 778
1009 845
1009 1020
1009 1057
1009 1028
1009 1008
1009 1005
1009 1001
1008 990
1008 1028
1008 1007
1008 1001
1007 1465
1007 1042
1007 1005
1007 1032
510 509
510 453
510 460
510 333
510 508
510 496
1005 1320
1005 986
1005 1028
1005 722
1005 1377
1005 1101
1005 1032
1005 1465
1005 418
512 209
512 588
512 509
1003 976
1003 997
1003 887
1003 1020
1003 992
1003 951
1003 952
1003 1028
1003 741
1003 733
1003 1451
1003 1000
1003 1101
1003 1465
1003 886
1003 990
514 600
514 1206
514 566
514 589
514 506
514 516
514 529
1001 992
1001 986
1001 968
1001 1028
1000 977
1000 1096
1000 996
1000 997
1000 842
1000 1015
1000 999
1000 1028
1000 843
1000 990
623 613
623 606
623 622
1226 1206
1226 1299
1226 1252
1226 1678
1226 1699
621 622
621 620
621 627
621 600
621 317
621 584
621 703
621 635
621 858
621 612
621 632
621 679
621 638
621 566
621 589
621 1028
620 622
620 618
620 619
627 594
627 632
627 633
627 625
627 637
627 638
627 628
627 593
627 574
627 596
627 617
1222 1212
1222 1216
625 630
625 632
625 582
625 634
1220 1211
1220 1217
1220 1207
1220 1228
629 638
629 589
628 1212
628 632
628 633
628 612
628 724
628 649
628 771
1229 1228
1535 1536
1535 1527
1535 205
1535 1539
2 19
2 200
1561 1560
1561 1562
1561 1563
11 24
11 10
11 12
11 15
11 1720
10 26
10 900
10 63
10 4
10 68
10 1562
10 502
10 734
13 869
13 14
13 1729
13 19
13 32
13 1592
12 1056
12 23
12 1823
12 1696
12 482
15 14
15 16
15 19
15 30
15 1823
15 1418
15 1465
15 1259
14 21
14 19
14 32
14 1797
14 35
14 9
14 1823
14 1465
17 1465
17 4
17 22
17 16
16 19
16 1823
16 126
19 887
19 62
19 495
19 21
19 22
19 28
19 734
19 20
19 38
19 1729
19 18
19 30
688 283
688 700
688 687
201 200
201 353
200 199
200 198
200 195
200 312
200 1206
200 136
200 187
200 196
200 205
200 204
200 266
200 353
200 1451
203 196
203 205
203 190
203 202
203 589
202 606
202 205
202 196
202 1821
202 193
202 1447
202 1538
205 217
205 214
205 1676
205 210
205 195
205 196
205 191
205 193
205 269
205 877
205 181
205 283
205 204
205 206
205 209
205 208
205 710
205 708
205 124
205 1432
204 196
204 181
204 199
207 206
207 86
207 196
207 208
207 269
206 1739
206 210
206 208
206 196
206 315
209 217
209 208
209 588
209 137
208 210
208 193
685 684
685 686
685 679
684 703
686 679
686 639
686 589
1577 1789
1577 1429
1577 1583
1577 1790
1577 1582
1577 1442
1577 1747
1577 1461
1577 1576
1577 1684
1576 1716
1576 1583
1576 1461
1576 1450
1576 1442
1576 1478
1576 1539
1576 1684
683 751
683 708
683 697
683 710
683 1252
1574 1591
1574 1566
1821 887
1821 62
1821 36
1821 1716
1821 1820
1821 1465
1821 1797
1821 122
1821 1822
1820 747
1820 31
1820 44
1823 1799
1823 1797
1823 495
1823 505
1822 42
1822 30
1822 36
1822 186
1822 477
1822 111
1822 581
928 951
928 908
928 940
928 953
928 927
929 908
929 921
929 926
920 921
920 908
920 919
920 990
921 976
921 951
921 908
921 943
921 953
921 919
921 918
921 922
921 923
921 944
921 926
921 913
922 908
922 1028
923 951
923 908
923 1028
923 915
923 917
923 924
923 926
924 908
924 919
924 917
924 953
924 926
925 953
925 986
925 990
925 926
926 977
926 951
926 911
926 908
926 952
926 1028
926 914
926 915
926 953
927 1041
927 909
832 838
832 831
832 851
833 846
833 830
833 887
833 851
833 840
833 838
833 839
833 858
833 835
833 837
830 831
830 836
830 851
830 858
830 887
831 842
831 838
831 848
836 835
836 783
836 710
837 566
835 887
835 851
835 840
835 839
835 722
838 851
838 839
838 848
839 845
839 842
3 4
784 787
784 783
785 844
785 747
785 783
785 1028
785 787
785 722
785 781
786 787
786 1028
787 607
787 743
787 744
787 747
787 763
787 791
787 858
787 749
787 353
787 753
787 751
787 893
787 770
787 779
787 589
787 780
787 783
787 788
787 1028
787 722
780 751
780 757
780 781
780 783
780 779
780 724
780 1252
780 738
780 1465
780 771
781 842
781 782
781 783
781 717
781 747
781 710
781 612
781 722
781 772
1728 1730
1728 1716
1728 1727
1729 1725
1729 1300
1729 1716
1729 1636
1729 1733
1729 1797
1729 1737
1729 1731
1729 1696
1729 1697
1729 72
1729 1641
1729 1404
1726 1722
1726 1716
1727 1716
1727 638
1727 1733
1727 1722
1727 1731
1727 1472
1727 1560
1727 1747
1725 1432
1725 46
1725 1797
1725 1723
1725 1682
1725 1747
1722 1716
1722 1733
1722 1028
1722 566
1722 1723
1722 1747
1723 1736
1720 1320
1720 38
1720 1737
1720 1032
1721 1716
60 61
60 62
60 65
61 62
61 78
62 1206
62 117
62 63
62 65
62 67
62 68
62 1421
62 43
62 41
62 78
62 133
62 23
62 1103
62 1747
63 1735
63 333
63 64
63 68
64 86
64 1028
64 65
64 126
64 68
64 1747
64 1564
64 1108
65 199
65 66
65 68
65 80
65 86
65 71
65 70
65 269
65 477
66 67
66 22
66 84
67 33
67 72
67 69
67 81
67 87
68 1424
68 49
68 46
68 69
68 1465
68 85
68 84
69 114
69 638
69 70
69 76
69 9
69 8
1371 24
1371 1068
1371 1370
1371 1103
1371 1652
1588 1313
1588 1582
1588 1587
1588 1563
1589 1583
1589 1184
1589 1581
1589 1594
1589 1591
1589 1590
1589 1475
1589 1562
1589 1508
1370 1322
1370 1301
1370 1369
1370 1263
1370 1328
1370 1364
1370 1365
1370 1412
1370 1400
1370 1429
1582 1344
1582 1638
1582 1581
1582 1797
1582 1587
1582 1560
1582 1591
1582 1583
1582 1465
1583 1647
1583 1584
1583 1591
1583 1675
1583 1508
1583 1563
1583 1404
1580 1528
1580 1581
1580 1308
1580 1438
1581 1586
1581 1734
1581 1356
1581 1452
1581 1465
1581 1508
1581 1563
1581 1290
1586 1051
1586 1587
1586 1584
1586 1585
1586 1594
1586 1465
405 404
1584 1585
1584 731
1584 1442
1584 1465
1585 1436
1585 1053
1585 1595
1585 1594
1585 1591
1585 1563
1585 1673
1038 1042
1038 887
1038 1029
1038 1182
1038 1028
1038 1039
1038 1037
1038 1035
404 700
404 403
404 402
404 495
508 593
508 703
508 494
508 495
508 86
508 492
508 493
508 1050
508 851
508 481
508 509
508 506
508 507
508 504
508 505
508 638
508 466
508 447
508 589
508 1465
508 489
508 477
508 478
508 359
509 505
509 858
509 506
509 495
509 507
509 504
509 502
1032 1052
1032 966
1032 1028
1032 1252
1032 1320
1032 1033
507 506
507 499
507 504
504 505
504 474
504 566
504 494
504 477
504 501
504 502
504 503
504 561
505 887
505 572
505 487
505 1252
505 506
505 495
505 501
505 502
505 500
505 516
502 583
502 420
502 466
502 498
502 357
502 353
502 477
502 487
502 495
502 503
502 500
502 501
503 496
503 638
503 460
503 501
503 477
503 494
503 353
503 484
503 478
503 492
503 499
500 1212
500 490
500 487
500 498
500 499
500 506
500 495
500 501
402 403
402 418
1212 1304
1212 1210
1212 1217
1212 1214
1212 1206
1212 1211
1212 1452
1212 1249
1212 1252
1212 1208
631 630
631 751
631 600
631 638
631 706
631 495
631 679
1210 1211
1210 1209
1210 1206
1210 1249
633 632
633 637
633 638
633 461
633 617
633 764
633 710
633 492
1216 1211
1216 1214
1216 1215
1216 44
1216 1206
1216 1344
1216 1245
1216 1246
1216 1465
1216 1747
1377 1420
1377 1320
1377 1353
1377 1274
1377 1344
1377 1356
1377 978
1377 1366
1377 1419
1377 1252
1377 1388
636 630
636 607
636 606
636 635
636 580
636 637
636 638
636 675
636 632
636 650
637 679
637 669
637 638
637 675
637 461
637 778
637 617
637 606
637 650
637 635
637 710
637 594
638 679
638 622
638 606
638 597
638 604
638 664
638 766
638 618
638 703
638 332
638 887
638 635
638 669
638 858
638 657
638 650
638 326
638 710
638 613
638 421
638 630
638 632
638 612
638 639
638 676
638 611
638 566
638 589
638 708
638 614
638 634
638 641
638 640
638 645
638 359
638 647
638 765
638 593
639 708
639 663
639 703
639 744
639 694
639 657
639 1252
639 650
639 679
639 675
639 677
639 710
639 845
639 1028
639 640
639 644
639 649
1218 1206
1218 1217
1376 1381
1376 1368
1376 1389
782 783
782 779
782 764
782 765
782 979
783 768
783 887
783 747
783 795
783 951
783 858
783 775
783 750
783 771
783 756
783 773
783 754
783 778
783 589
783 726
783 722
1454 1428
1454 1450
1454 1453
1454 1465
1454 1461
1455 1789
1455 1435
1455 1446
1455 1451
1455 1461
1455 1442
1456 1310
1456 1352
1456 1460
1456 1418
1456 1105
1456 1450
1456 1451
1456 1465
1456 1459
1105 1307
1105 887
1105 1028
1105 990
1105 1366
1105 1074
1105 1104
1105 1252
1105 1116
1105 1465
1105 1115
1105 1096
1105 1093
1105 1064
1105 1106
1105 1107
1105 1100
1105 1101
1105 1109
1450 1447
1450 1435
1450 1420
1450 1353
1450 1428
1450 1028
1450 1460
1450 1429
1450 1408
1450 1442
1450 1465
1450 1449
1450 1684
1451 1789
1451 1421
1451 1420
1451 1633
1451 1447
1451 1446
1451 1252
1451 1441
1451 1440
1451 1465
1451 1675
1451 1461
1451 1463
1451 1448
1451 1797
1451 1430
1451 1431
1451 1419
1451 1457
1451 1453
1451 1413
1451 1458
1452 1206
1452 1353
1452 1465
1452 1461
1452 1459
1452 1369
1101 1096
1101 1053
1101 852
1101 1079
1101 40
1101 1252
1101 1116
1101 1095
1101 997
1101 1097
1101 1092
1101 589
1101 1184
1101 1062
1101 1028
1101 1106
1101 1102
1458 1465
1458 1457
1458 1463
1458 1459
1459 31
1459 186
1459 1465
1459 1402
1459 1460
1459 1416
1108 1107
1108 1206
1108 1109
1109 1050
1109 1084
1109 1110
1109 1028
1109 1107
1109 1117
788 793
788 990
788 791
788 744
788 1028
788 887
788 893
789 790
216 217
216 210
216 196
217 214
217 213
217 210
217 196
217 1785
217 193
217 186
217 283
217 189
217 1797
217 218
214 215
214 199
214 213
215 283
215 1797
212 1637
212 195
212 193
212 82
212 495
212 1747
213 210
210 199
210 196
210 316
210 333
210 84
210 25
210 283
210 1651
210 449
210 269
210 1797
210 444
210 122
210 123
210 1591
210 193
210 968
210 266
1530 1527
1530 1529
1530 1531
218 219
218 131
219 283
219 30
219 327
4 22
4 1797
4 1785
4 1104
4 5
4 1670
919 1084
919 908
919 918
919 915
919 953
918 1042
918 951
918 908
918 917
918 913
915 908
915 952
915 1028
915 916
915 953
914 953
914 911
914 913
914 912
917 916
917 949
917 908
917 985
916 908
916 1053
911 908
911 910
911 912
910 908
910 909
913 908
913 1206
913 912
912 908
458 450
458 461
458 462
847 846
847 845
847 851
847 852
847 858
847 848
847 658
846 845
846 844
846 887
846 851
846 908
845 887
845 765
845 853
845 1059
845 858
845 771
845 670
845 778
845 1047
845 851
845 844
845 843
845 842
845 840
845 1186
845 848
844 843
844 851
844 858
844 1031
843 887
843 842
843 852
843 908
843 858
843 848
843 730
843 578
843 851
842 591
842 977
842 1096
842 840
842 900
842 858
842 566
842 887
842 851
841 1644
841 840
841 1447
841 353
840 753
840 751
840 1716
840 852
840 858
840 492
840 1697
840 990
840 495
840 770
840 851
849 705
849 1028
849 851
848 855
848 851
664 679
664 674
664 665
664 677
664 700
664 671
664 651
664 710
664 658
1739 1738
1739 1733
1739 283
1739 1741
1738 1713
1738 1633
1738 951
1738 1735
1738 1737
1738 1113
1738 1695
1738 1465
1738 679
1738 1797
1738 710
1738 31
1738 1746
1738 1747
1738 1740
1738 1733
1738 1742
1731 1732
1731 1716
1731 1730
1731 1744
1731 1747
1730 134
1733 1732
1733 1713
1733 1716
1733 1734
1733 1465
1733 1028
1733 1510
1733 1539
1733 1745
1733 1747
1733 1741
1733 1742
1732 1698
1735 196
1735 1734
1735 1736
1735 1745
1734 1675
1734 1742
1737 47
1737 421
1737 1463
1039 1040
1039 1416
1039 1035
753 752
753 751
753 779
752 751
752 1710
751 775
751 744
751 745
751 706
751 766
751 764
751 703
751 756
751 495
751 887
751 679
751 953
751 747
751 858
751 741
751 732
751 735
751 734
751 736
751 738
751 770
751 755
751 754
751 440
751 779
751 710
751 487
751 1020
751 728
750 749
750 747
750 734
757 756
757 754
757 908
757 758
757 764
756 769
756 747
756 749
756 759
756 763
755 769
755 793
755 679
755 749
755 763
754 770
754 904
754 667
754 747
754 710
754 722
754 738
759 758
759 722
758 722
1595 1568
1595 1693
1595 1567
1595 1594
1595 1597
1595 1596
1595 1591
1595 1644
1595 1518
1595 1747
1594 975
1594 1465
1594 8
1594 1508
1594 1564
1594 1565
1594 1353
1594 1591
1594 1593
1594 1241
1594 1534
1596 1591
1591 1349
1591 1524
1591 1569
1591 1568
1591 1400
1591 1465
1591 1563
1591 1463
1591 1566
1591 1353
1591 38
1591 1592
1591 1562
1591 1516
1591 1567
1591 477
1591 1537
1591 1388
1591 1518
1591 1687
1590 589
1590 191
1593 1100
1593 1592
1592 1100
1599 1442
1599 1352
1599 1562
1599 1598
1030 1029
1030 1037
1030 1028
1025 1024
1025 1026
1025 1020
1025 1022
1025 1028
1024 1020
1024 1028
1027 1050
1027 622
1027 1026
1027 1020
1027 772
1027 1029
1027 1028
1026 1021
1026 982
1026 968
1026 1028
1026 978
1026 1447
1026 887
1021 1020
1021 1022
1021 1206
1021 1028
1021 1252
1021 1033
1020 1087
1020 887
1020 886
1020 1344
1020 708
1020 1050
1020 975
1020 972
1020 951
1020 979
1020 978
1020 1252
1020 1018
1020 1041
1020 1022
1020 908
1020 1028
1023 1022
1022 1092
1022 1044
1036 1043
1036 1028
1036 1037
1036 1044
1029 1050
1029 1041
1029 1053
1029 1056
1029 1044
1029 1074
1029 1267
1029 1028
1029 1059
1029 1031
1029 1035
1028 1302
1028 1267
1028 1266
1028 134
1028 1079
1028 1074
1028 1075
1028 1072
1028 1465
1028 1464
1028 1095
1028 997
1028 1313
1028 992
1028 714
1028 710
1028 1069
1028 1060
1028 1063
1028 1062
1028 1067
1028 951
1028 1087
1028 989
1028 708
1028 986
1028 987
1028 193
1028 1088
1028 749
1028 1252
1028 722
1028 1407
1028 584
1028 963
1028 583
1028 900
1028 907
1028 904
1028 908
1028 30
1028 1245
1028 1093
1028 744
1028 977
1028 976
1028 973
1028 851
1028 979
1028 978
1028 186
1028 983
1028 1033
1028 1031
1028 1037
1028 1035
1028 1206
1028 1041
1028 1189
1028 1186
1028 726
1028 724
1028 1100
1028 1746
1028 1747
1028 1049
1028 909
1028 887
1028 747
1028 1205
1028 888
1028 990
1028 1050
1028 958
1028 1052
1028 1053
1028 1055
1028 1056
1028 1057
1028 1058
1028 1059
1028 953
1028 952
1028 955
1028 1299
1028 1116
1028 1118
1028 1291
1028 1297
1028 1698
1028 891
1028 893
1028 896
1028 1356
1028 1043
1028 1047
1028 1044
1028 947
1028 944
1028 940
1028 964
1028 868
1037 1050
1037 1337
1037 1415
1034 1033
1034 887
1034 1035
501 339
501 310
501 461
501 487
501 403
501 499
501 506
501 476
605 618
605 606
605 679
605 602
605 612
605 315
605 589
604 606
604 601
604 603
604 599
604 677
604 609
604 566
604 589
604 86
604 612
607 612
607 606
607 608
606 601
606 600
606 593
606 608
606 703
606 744
606 580
606 858
606 657
606 733
606 1252
606 421
606 658
606 1317
606 632
606 679
606 612
606 675
606 616
606 614
606 589
606 281
606 1311
606 477
606 647
606 597
1209 1206
1208 1207
1208 1206
1208 134
603 1050
603 593
603 600
603 453
603 325
603 589
602 319
602 600
602 612
602 908
602 679
1205 1434
1205 314
1205 887
1205 1188
1205 1182
1205 1074
1205 1206
1205 1065
1205 1345
1205 1089
1205 1252
1205 1244
1205 1204
1205 1090
1205 734
1204 1206
1204 987
1204 1252
1204 1031
1207 1211
1207 1206
1206 1300
1206 1267
1206 1309
1206 1078
1206 1465
1206 1097
1206 1092
1206 1310
1206 1086
1206 984
1206 1018
1206 1250
1206 1406
1206 1420
1206 1337
1206 900
1206 908
1206 1245
1206 1165
1206 1160
1206 976
1206 734
1206 1211
1206 1214
1206 566
1206 1189
1206 1186
1206 1187
1206 1184
1206 1181
1206 1106
1206 722
1206 1164
1206 1166
1206 1202
1206 1050
1206 1051
1206 1056
1206 1299
1206 1116
1206 1118
1206 1297
1206 612
609 600
608 887
608 733
608 653
608 650
608 595
1203 955
1203 1202
1202 1201
1211 1217
634 589
634 635
1217 1252
1214 1215
1214 1249
1447 1421
1447 1420
1447 978
1447 1446
1447 1252
1447 1442
1447 1441
1447 1440
1447 1448
1447 1358
1447 1465
1447 1033
1447 1643
1447 1449
1447 1381
1110 989
1110 1075
1110 1182
1110 979
1110 1111
1110 1252
1445 24
1445 1425
1445 1335
1445 1446
1445 1444
1445 1442
1445 1465
1112 1113
1115 1050
1115 1051
1115 1089
1115 1118
1115 1119
1442 1429
1442 1444
1442 1252
1442 1441
1442 1440
1442 1465
1442 1443
1442 1676
1442 1461
1442 1460
1442 1448
1442 1354
1442 1432
1442 1412
1117 1050
1117 1076
1117 1309
1117 566
1117 1116
1117 1118
1440 1349
1440 1435
1440 1431
1440 1266
1440 1439
1440 1443
1440 1441
1440 1414
1119 1050
1119 1078
1119 1189
1119 1100
1119 1292
1119 1118
1118 1086
1118 989
1118 1050
1118 1424
1118 1074
1118 1111
1118 1116
1118 1296
1118 1092
1118 572
1449 1448
1448 1461
466 465
466 467
466 453
466 447
466 462
466 477
466 475
466 489
466 474
466 521
1357 1465
1357 1353
1357 1443
1357 1356
450 449
450 448
460 618
460 453
460 577
460 476
460 461
460 479
1355 1350
1355 1356
1355 1318
489 747
489 570
489 990
489 589
489 475
489 487
489 492
489 477
489 481
489 493
487 586
487 440
487 305
487 462
487 477
487 474
487 494
487 495
487 484
487 482
487 492
485 484
485 317
462 708
462 679
462 465
462 571
462 461
462 463
462 473
462 477
462 467
483 484
483 477
482 710
482 477
482 494
482 478
482 481
481 467
481 477
481 421
481 495
481 490
481 480
480 1341
480 477
199 193
199 181
198 197
198 196
195 194
195 196
195 193
194 196
194 193
197 333
196 191
196 333
196 131
196 84
196 1420
196 27
196 182
196 181
196 186
196 187
196 324
196 1465
196 188
196 580
196 302
196 122
196 193
196 1716
196 35
196 353
196 477
191 193
191 192
191 1465
191 184
191 83
191 283
191 492
190 193
190 589
190 186
190 189
193 319
193 573
193 312
193 1088
193 131
193 136
193 113
193 492
193 951
193 44
193 182
193 186
193 188
193 189
193 192
193 566
193 72
193 71
193 1434
193 36
192 263
192 262
1106 1107
1107 1632
1107 1059
1107 589
1107 1252
1274 1186
1104 1688
1104 1102
1102 589
1103 887
1103 1067
1100 905
1453 1630
1453 1435
1453 1643
1453 1443
1453 1465
1453 1692
1453 1463
902 903
902 881
902 901
902 997
903 1096
903 904
900 887
900 885
900 889
900 986
900 990
900 851
900 951
900 953
900 952
900 893
900 894
900 895
900 896
900 897
900 899
900 1356
900 566
900 869
900 907
900 905
900 861
900 908
900 720
901 906
901 589
906 976
906 887
906 905
907 724
907 908
904 883
904 952
904 887
904 886
904 1189
904 860
904 908
904 888
904 905
905 887
905 851
905 908
905 864
908 495
908 1465
908 1096
908 990
908 716
908 676
908 319
908 983
908 986
908 111
908 589
908 909
908 570
908 851
908 747
908 858
908 700
908 1356
908 283
908 868
908 866
908 726
908 1747
908 880
908 887
908 749
908 951
908 950
908 953
908 952
908 871
908 1116
908 1698
908 892
908 893
908 898
908 1042
908 949
908 944
908 945
908 943
908 477
908 475
908 874
909 953
854 855
854 851
854 853
855 886
855 858
855 851
856 584
856 857
856 887
856 851
856 858
857 1050
857 852
857 853
857 858
850 701
851 1304
851 988
851 887
851 886
851 885
851 1264
851 852
851 858
851 1252
851 734
851 1250
851 1465
851 738
851 1094
851 1050
851 1093
851 853
851 1067
851 722
851 720
852 997
852 858
852 887
853 1186
853 858
853 766
853 979
853 989
858 768
858 887
858 886
858 312
858 700
858 584
858 859
858 708
858 703
858 1050
858 951
858 873
858 870
858 1465
858 658
858 619
858 679
858 675
858 715
858 778
858 566
858 710
858 577
858 269
858 589
858 283
858 869
858 868
858 861
858 860
858 1184
858 865
858 864
858 867
858 726
858 722
859 860
859 862
6 1797
6 5
6 7
740 739
740 738
740 771
741 882
741 742
741 739
741 738
742 743
742 744
742 738
743 722
743 744
743 729
744 708
744 745
744 746
744 747
744 765
744 731
744 730
744 521
744 736
744 734
744 776
744 1796
744 724
744 722
744 720
745 766
746 747
747 593
747 748
747 749
747 570
747 584
747 661
747 703
747 495
747 708
747 734
747 763
747 739
747 738
747 771
747 726
747 727
747 722
747 720
748 1465
748 749
749 778
1050 1085
1050 1062
1050 1300
1050 1340
1050 1072
1050 700
1050 1264
1050 866
1050 679
1050 1051
1050 1052
1050 1056
1050 1059
1050 1074
1050 1257
1050 1400
1050 1252
1050 1031
1050 991
1050 612
1050 1041
1050 589
1050 1292
1050 1053
1050 1088
1050 955
1050 1184
1050 1046
1050 1042
1050 1040
1050 1045
1050 1044
1050 1049
1050 1185
1050 1067
1050 726
1050 975
1050 723
1050 1063
1051 1069
1051 1052
1051 1053
1051 1056
1051 1086
1051 1059
1051 1184
1051 1071
1051 1337
1052 966
1052 1042
1052 1082
1052 1303
1052 1058
1052 1063
1052 1065
1053 1436
1053 1054
1053 1065
1054 951
1054 1055
1055 1056
1055 951
1055 1059
1056 1339
1056 992
1056 1058
1056 1063
1056 1299
1056 1074
1057 1059
1057 778
1058 1082
1058 1059
1058 1065
1058 1033
1058 1413
1059 1042
1059 951
1059 1074
1059 1073
1059 1060
1059 1061
1696 30
1696 566
1696 1697
1696 1695
1696 1687
1696 1676
1696 1662
1697 1677
1697 887
1697 1797
1697 1658
1697 1695
1697 1692
1697 1687
1697 1691
1697 1689
1697 1404
1697 1698
1697 1673
1694 1692
1694 1693
1694 1669
1694 1698
1694 1679
1695 1676
1695 1747
1695 1673
1692 1691
1692 1689
1692 1698
1693 1645
1693 1686
1693 1673
1690 1691
1690 1299
1690 1678
1690 186
1690 1675
1690 1699
1691 1084
1691 696
1691 1716
1691 1678
1691 1252
1691 1404
1691 1460
1691 1698
1691 1699
1791 1793
1791 1789
1791 1798
1791 1797
1698 1630
1698 1639
1698 1515
1698 1675
1698 1598
1698 1699
1699 1716
1699 1242
1699 1747
1278 1277
1278 1252
1278 1465
1279 1465
1279 1257
1279 1254
618 593
618 619
618 679
618 598
618 577
618 617
618 616
619 577
619 710
612 600
612 700
612 315
612 769
612 566
612 1252
612 586
612 584
612 679
612 611
612 616
612 617
612 614
612 710
612 418
613 594
613 614
613 778
1272 1422
611 591
611 600
611 1309
611 614
611 710
611 495
611 589
616 24
616 630
616 710
617 669
617 461
617 614
617 589
614 622
614 601
614 600
614 571
614 700
614 589
1796 1748
1796 43
1795 1670
1795 1794
1794 1670
1472 1465
1472 1470
1472 1471
1472 1469
1472 1468
1473 1465
1473 1471
1473 1474
1473 1475
1470 1471
1470 1469
1470 1518
1470 1465
1470 1466
1471 1469
1471 1475
1471 1465
1471 1510
1476 1478
1476 1510
1476 1474
1476 1475
1477 1469
1477 1475
1477 1465
1477 1479
1477 1478
1474 1465
1474 1511
1475 1465
1475 1478
1475 1510
1478 1502
1478 1527
1478 1506
1478 1465
1478 1479
1479 1510
1479 1467
1479 1465
1479 1508
1479 1511
1304 1305
1304 1306
1304 1302
1304 1310
1304 1303
1304 1267
1304 1243
1304 1180
1304 1366
1304 1298
1304 1433
1304 1246
1304 1295
1304 1405
1304 1312
1305 1323
1305 1306
1305 1313
1305 1312
1305 1310
1305 1335
1305 1309
1305 1319
1305 1356
1306 1352
1306 1307
1306 1323
1307 1303
1307 1337
1307 1267
1307 1309
1307 1465
1300 1301
1300 1716
1300 1636
1300 1302
1300 1329
1300 1308
1300 1299
1300 1292
1300 1463
1300 1312
1301 1302
1301 1335
1301 1337
1301 1331
1301 1340
1301 1354
1301 1364
1301 1299
1301 1252
1301 1263
1301 1293
1302 1421
1302 1344
1302 1309
1302 1330
1302 1298
1302 1299
1302 1252
1302 1297
1303 1313
1303 1082
1303 1086
1303 1267
1303 1320
1303 1084
1303 1326
1308 1309
1308 1438
1309 1422
1309 1313
1309 1716
1309 1310
1309 1201
1309 1067
1309 1298
1309 1299
1309 1291
498 578
498 708
498 566
498 710
498 499
498 495
498 496
498 329
499 495
499 312
499 475
499 496
499 490
494 710
494 477
494 650
494 495
494 493
495 708
495 600
495 887
495 496
495 497
495 492
495 493
495 506
495 476
495 560
495 566
495 589
495 358
495 703
495 329
495 473
495 471
495 477
495 475
495 478
495 479
495 516
496 632
496 452
496 476
496 497
490 875
490 492
491 492
491 589
492 1328
492 563
492 263
492 473
492 470
492 471
492 477
24 25
24 22
24 23
24 951
24 28
24 1790
24 29
24 36
24 21
25 976
25 31
25 36
26 30
26 583
26 953
27 22
27 30
27 28
27 1662
20 21
20 1065
20 43
20 1536
20 1652
21 38
21 22
21 30
21 283
22 48
22 49
22 23
23 32
23 35
28 31
28 1797
28 36
28 29
28 113
28 1651
29 1799
29 1189
29 30
29 36
29 34
29 353
29 110
1709 1710
1709 111
1709 1716
7 8
7 5
591 309
591 476
1086 1087
1086 1085
1086 1080
1086 951
1086 1337
1086 1088
1086 1071
1086 1082
1085 869
1085 1075
1085 1084
1085 1062
1085 1252
1085 1293
1085 1082
592 593
592 600
1083 1084
1083 1082
594 593
594 597
594 566
594 589
594 326
977 887
977 986
977 958
977 972
977 951
977 952
977 1465
977 1096
977 893
977 991
977 990
977 976
977 715
977 964
977 965
977 967
977 946
977 968
976 593
976 989
976 983
976 986
976 985
976 113
976 975
976 974
976 953
976 955
976 954
976 1116
976 1465
976 999
976 589
976 964
976 1065
976 1066
975 974
975 953
974 973
974 970
973 972
973 962
973 970
973 953
973 1071
973 961
972 964
972 971
972 953
972 968
971 970
970 961
970 968
970 969
970 962
1080 1094
979 1186
979 778
979 951
978 966
978 887
978 990
978 1643
978 949
978 951
978 983
978 980
978 952
978 867
182 183
182 657
182 181
182 1465
183 186
183 184
180 771
180 126
181 186
181 324
186 1716
186 187
186 184
186 185
186 188
186 589
186 261
186 73
186 1644
186 1747
187 188
187 125
187 283
187 87
184 185
184 188
185 188
1464 1437
1464 1686
1464 1465
1464 1248
1464 1463
869 868
869 887
869 886
869 885
869 861
869 863
869 870
869 880
869 867
868 880
868 887
868 886
868 884
868 861
868 873
868 867
868 870
861 865
861 989
861 887
861 886
861 1044
861 1344
861 862
861 864
861 867
861 870
860 883
860 870
860 987
863 862
863 1344
863 864
865 864
865 866
864 887
864 867
864 866
867 887
867 870
867 866
867 1356
866 887
866 886
883 880
883 887
883 886
883 871
883 1031
882 881
882 887
882 875
882 871
882 738
881 887
880 887
880 874
887 952
887 872
887 1267
887 666
887 1095
887 997
887 679
887 1797
887 671
887 711
887 710
887 1069
887 1381
887 1087
887 708
887 709
887 703
887 795
887 1716
887 1252
887 1010
887 1258
887 584
887 589
887 1249
887 1344
887 989
887 738
887 658
887 1352
887 1088
887 1182
887 726
887 722
887 1035
887 729
887 886
887 885
887 884
887 889
887 888
887 1096
887 990
887 878
887 879
887 951
887 950
887 874
887 875
887 873
887 871
887 890
887 891
887 893
887 773
887 899
887 76
887 876
887 353
887 877
887 953
886 1087
886 1084
886 885
886 884
886 763
886 703
886 1078
886 876
886 875
886 873
886 871
886 1075
886 997
885 884
885 876
885 872
885 871
885 720
885 1313
884 876
884 871
889 890
889 888
888 892
888 893
775 774
775 773
775 778
774 778
774 772
774 596
777 769
777 778
777 776
777 772
776 778
771 1633
771 770
771 768
771 722
771 738
771 739
770 768
770 679
770 778
770 765
770 769
773 768
773 772
773 703
772 622
772 715
772 778
772 673
779 679
779 1186
779 778
779 722
778 989
778 766
778 764
778 765
778 732
778 1252
778 1460
778 670
778 710
778 703
778 722
77 46
77 131
77 74
77 73
77 80
77 81
77 78
76 43
75 74
74 46
74 73
73 46
73 83
72 134
72 88
72 70
72 80
71 70
70 81
70 86
79 114
79 117
79 124
79 78
78 38
78 43
78 85
1043 951
1043 1044
1042 1041
1042 1018
1042 1031
1041 1040
1040 1075
1040 1035
1047 1046
1047 1044
1047 1049
1047 1048
1047 871
1046 1076
1044 1087
1044 1065
1044 951
1044 950
1044 589
1044 1031
1044 1049
1044 1062
1044 1064
1044 1186
1049 1087
1049 1048
1049 1252
1049 1465
1681 1680
1681 1682
1681 1679
1680 1437
1680 1716
1680 1793
1680 1686
1680 1662
1680 1682
1680 5
1680 1653
1680 1747
1680 1685
1680 1463
1680 1673
1683 1682
1683 1684
1683 1687
1683 421
1682 1797
1682 1679
1682 1676
1682 1684
1685 1713
1685 1684
1685 1560
1685 1675
1684 1676
1684 1675
1684 1747
1687 1651
1687 1465
1687 1675
1687 1665
1687 1677
1689 1645
1689 1642
1689 1688
1689 1653
1689 1747
1689 1670
1269 1258
1268 1299
1268 1267
669 668
669 670
669 661
669 640
669 645
669 651
669 658
668 667
668 1084
668 679
668 646
1263 1260
1263 1186
1263 1344
1263 1184
1263 596
1263 1331
1263 1266
1263 1264
1263 1364
1263 1365
1263 1252
1263 1244
1263 1262
1263 1354
1262 1261
1261 1252
1261 650
1261 85
1260 1320
1260 1797
1260 1366
1260 1252
1260 312
1260 1465
1260 1665
1260 1258
1260 1259
663 662
663 658
1266 1245
1266 1092
1266 1267
1266 1344
1266 1265
1266 710
1266 1186
1266 1252
1266 1253
1266 1293
1266 1264
1266 1414
1266 1404
1265 1267
1265 1264
1265 1252
1265 1465
660 1747
660 662
660 661
421 353
421 324
421 598
421 312
421 1675
421 422
421 474
421 675
421 710
421 418
1469 1465
1469 1468
1468 1465
1468 1467
1465 1527
1465 1267
1465 1264
1465 1546
1465 1545
1465 1467
1465 1466
1465 1461
1465 1460
1465 1672
1465 1315
1465 1097
1465 1313
1465 679
1465 1560
1465 1400
1465 1406
1465 1419
1465 951
1465 1410
1465 1259
1465 1414
1465 1415
1465 1417
1465 1320
1465 1082
1465 982
1465 703
1465 1418
1465 1716
1465 1524
1465 1409
1465 1408
1465 1252
1465 1253
1465 1403
1465 1381
1465 1517
1465 1437
1465 1647
1465 1435
1465 1433
1465 1431
1465 37
1465 1439
1465 1537
1465 1536
1465 1534
1465 1245
1465 1531
1465 1246
1465 1539
1465 1538
1465 1340
1465 1341
1465 1420
1465 1425
1465 1424
1465 1427
1465 1426
1465 1428
1465 88
1465 1502
1465 1506
1465 1678
1465 1508
1465 1358
1465 1353
1465 1356
1465 1675
1465 1189
1465 968
1465 1519
1465 1463
1465 1515
1465 1746
1465 1516
1465 1511
1465 1510
1465 1162
1465 722
1465 1241
1465 1518
1465 953
1465 1446
1465 1444
1465 1441
1465 1292
1465 1293
1465 1563
1465 1297
1465 1277
1466 1518
1466 1510
1466 1463
1461 1432
1461 1429
1461 312
1461 1460
1460 1716
1460 1673
1463 1353
1463 1437
1463 1434
1463 1160
1463 1420
1463 1345
1463 1462
1317 1316
1317 1344
1317 1311
1316 1322
1316 1315
1316 1313
1315 1322
1315 1314
1315 1313
1315 1335
1315 1319
1315 1366
1315 1747
1314 1323
1314 1313
1314 1420
1314 1264
1314 1339
1313 1267
1313 1346
1313 1264
1313 1254
1313 1252
1313 1253
1313 1293
1313 1297
1313 1312
1313 1310
1313 1335
1313 1337
1313 1330
1313 1319
1313 1332
1313 1333
1313 1323
1313 1088
1313 1740
1313 477
1313 1747
1313 1663
1312 1310
1312 1418
1312 1298
1312 1405
1311 1310
1310 990
1310 1336
1310 1344
1310 1293
1319 1324
1319 1186
1319 1320
1319 1318
1318 1322
1318 1323
1318 1335
1318 1350
1318 1291
1015 960
464 452
464 589
529 461
529 565
529 446
529 1071
319 318
319 313
319 337
319 317
319 316
319 314
319 320
319 321
319 281
319 328
319 304
319 315
319 710
319 333
313 312
313 317
313 315
313 314
313 280
313 710
312 339
312 311
312 310
312 317
312 315
312 314
312 111
312 301
312 324
312 323
312 288
312 733
312 325
312 281
312 280
312 283
312 329
312 284
312 300
312 331
312 302
312 303
312 304
312 305
312 307
312 267
312 589
312 132
312 333
312 477
311 302
311 310
311 304
311 710
310 339
310 305
310 281
317 593
317 330
317 315
317 314
317 323
317 281
317 283
317 329
317 302
317 333
317 269
317 353
316 467
316 333
316 315
316 324
316 281
316 329
315 333
315 314
315 573
315 320
315 283
315 440
315 582
315 679
315 301
315 1337
315 303
315 304
315 589
315 269
314 303
314 333
314 322
314 324
314 269
1520 1524
1520 1519
1520 1563
1520 1510
1520 1539
443 442
443 441
443 444
442 441
442 440
442 710
442 444
441 337
1336 1323
1336 1338
1336 1340
1336 1337
1336 1331
1336 1335
1336 1297
1331 1322
1331 1330
1331 1354
1330 1324
1330 951
1330 1337
1330 1344
1330 1335
1330 1641
1330 1655
1333 1337
1333 1334
1332 1337
630 593
630 703
632 710
632 703
403 586
403 679
403 597
403 573
403 563
403 470
403 477
1521 1509
1521 1513
281 335
281 333
281 325
281 280
281 283
281 282
281 324
281 300
281 301
281 305
281 353
281 477
280 302
964 959
964 965
964 966
964 967
964 962
964 953
965 953
965 967
965 966
966 967
966 1082
966 1078
966 953
967 961
967 953
967 968
967 969
967 990
960 959
960 961
960 962
960 963
961 962
961 953
962 959
962 958
962 953
962 963
963 959
963 953
968 969
968 1252
635 589
400 301
400 359
662 675
662 661
1241 1337
1241 1299
878 876
878 877
878 999
878 871
876 877
876 874
876 873
876 871
877 708
874 875
874 873
874 871
875 872
872 871
873 1074
873 1067
873 871
873 984
870 871
871 1075
871 1335
871 1062
871 989
871 1747
1242 1245
1242 1344
1242 589
9 30
9 8
1533 1534
1533 1512
1533 1565
1533 1537
1533 1536
1533 1527
1533 1532
1533 1531
1533 1501
1533 1563
1533 1529
1533 1538
1244 1186
1244 1245
1244 1252
890 891
890 893
891 893
892 893
893 895
893 896
893 898
893 952
893 561
893 894
893 953
894 898
894 895
895 896
896 897
896 990
897 898
898 951
646 648
646 654
646 644
649 650
649 648
1248 1645
1248 1356
262 263
262 471
641 640
641 667
641 643
641 647
422 654
422 477
422 474
1788 1789
1788 134
1789 1420
1789 1429
1789 1792
1789 1790
1789 1658
1789 1747
1789 1670
768 769
768 679
769 708
762 763
763 566
763 722
763 764
1782 1793
1782 1797
1782 117
1536 1566
1536 44
1536 1537
1536 1527
1536 1532
1536 1539
766 765
1785 1792
764 1186
764 670
764 765
764 731
764 722
764 710
765 708
765 710
1078 1087
1078 1069
1078 1096
1078 1084
1078 1079
1078 1076
1078 1337
1078 1334
1079 1075
1079 1088
1079 1252
1076 1087
1076 1096
1076 1074
1076 1075
1074 1075
1074 1072
1074 1070
1074 1071
1074 1069
1074 1061
1074 1060
1074 1064
1074 1245
1074 1246
1074 1073
1075 1061
1075 1062
1075 1073
1075 46
1075 1186
1072 1069
1072 1410
1073 1088
1070 987
1070 1189
1071 1184
1071 565
1071 596
1678 1436
1678 1084
1678 1433
1678 1679
1678 1676
1678 1677
1678 1673
1679 1633
1679 1676
1674 1645
1675 30
1675 1654
1675 1252
1675 1676
1675 1646
1675 1641
1675 1414
1675 1662
1676 1677
1676 1646
1676 1669
1676 1747
1676 1654
1677 1716
1677 1673
1670 1642
1670 1653
1672 1645
1672 1797
1672 1665
1672 1747
1672 1654
1672 1673
1673 1716
1673 1428
1673 1328
1673 45
1673 1243
1673 1669
1673 1413
1094 1096
1094 1090
1094 1082
1094 1186
1094 1093
1094 1252
1095 997
1095 1092
1096 1097
1096 1093
1096 951
1096 1089
1096 477
1090 1089
679 622
679 708
679 693
679 593
679 571
679 700
679 661
679 703
679 1797
679 674
679 650
679 675
679 738
679 658
679 568
679 677
679 580
679 676
679 651
679 672
679 710
679 566
679 589
679 418
679 477
679 647
1092 1087
1093 1067
674 675
674 671
674 672
674 710
674 475
674 673
674 658
675 598
675 577
675 661
675 696
675 654
675 650
675 670
675 672
675 640
676 579
676 677
676 589
676 651
677 710
677 703
670 710
670 738
670 708
671 666
671 672
671 661
672 597
672 673
672 418
673 622
673 593
673 708
673 666
673 588
645 650
645 644
1418 1420
1418 1636
1418 1419
1418 1428
1418 1408
1418 1401
1418 1415
1419 1420
1419 1434
1419 1435
1419 1430
1419 1414
1419 1403
1419 1444
1419 1428
1410 1409
1410 1252
1410 1245
1410 1412
1410 1413
1412 1429
1412 1364
1412 1413
1412 1414
1412 1415
1412 1404
1413 1435
1413 1414
1413 1404
1413 1408
1413 1400
1413 1415
1413 1416
1414 1429
1414 119
1414 1344
1414 1346
1414 1366
1414 1407
1414 1415
1414 1417
1415 1420
1415 1353
1415 1400
1415 1416
1416 1428
1416 1417
1417 1420
1417 1429
1417 1439
1322 1323
1322 1326
1322 1716
1322 1404
1323 1327
1323 1324
1323 1340
1323 1326
1323 30
1323 1339
1532 1537
1532 1501
1532 1531
1532 1562
1532 1524
1532 1528
1532 1529
1532 1538
1326 1329
1326 1324
1326 1349
1326 1335
1326 1337
1326 1328
1327 1353
1327 1334
1327 1337
1327 1356
1327 128
1324 1267
1324 1347
1328 1428
1328 1329
1328 1243
1329 1334
1329 1339
647 584
647 560
647 589
647 657
647 648
647 600
1524 1518
1524 1528
1524 1566
1257 1353
1257 1344
1257 1254
1257 1252
1257 1246
1257 1245
1257 1401
1257 1258
1254 1421
1254 1252
1254 1253
1527 1501
1527 1506
1527 1563
1527 1528
1527 1529
1527 1517
1527 1518
1527 1510
1527 1539
1527 1512
1252 45
1252 1267
1252 1264
1252 283
1252 1063
1252 1062
1252 1665
1252 1082
1252 1089
1252 1253
1252 1251
1252 300
1252 1337
1252 31
1252 1243
1252 1245
1252 1246
1252 1249
1252 1340
1252 571
1252 1344
1252 1420
1252 1428
1252 705
1252 1356
1252 1354
1252 1186
1252 722
1252 1747
1252 1169
1252 953
1252 955
1252 1299
1252 1293
1252 1295
1252 1366
1252 1369
1253 1258
1250 1249
1250 1251
1251 1634
1251 1633
1528 1537
1528 1514
1528 1501
1528 1529
1528 1518
1529 1501
1529 1563
1258 1259
1259 1189
1259 1267
1259 1298
1259 1297
308 309
308 324
308 305
308 306
308 307
308 322
308 134
309 300
309 333
309 476
309 265
309 283
300 650
300 301
300 302
300 304
301 302
301 304
301 305
301 353
301 283
301 282
302 303
302 305
302 329
304 305
304 333
305 333
305 288
305 283
305 282
305 440
305 306
306 288
306 307
306 325
307 139
1792 1797
1792 1747
470 469
470 440
470 473
470 474
470 475
622 587
622 708
622 600
471 263
471 473
471 1243
471 477
1443 1444
1443 1441
959 958
959 953
958 953
958 955
958 954
951 945
951 336
951 953
951 952
951 990
951 1356
951 1647
951 1747
951 948
951 946
951 947
951 949
951 943
951 940
951 941
951 722
951 944
950 990
950 949
950 985
953 945
953 584
953 952
953 955
953 954
953 956
953 734
953 1337
953 710
953 949
953 943
953 941
953 722
952 1649
955 985
955 954
955 956
957 956
506 479
667 666
667 661
667 710
667 650
667 651
1799 1420
1799 1798
1799 1797
1799 1747
1798 1797
1798 85
719 710
719 722
719 720
719 718
718 717
718 715
718 713
718 711
718 710
718 722
718 720
717 716
717 713
717 710
1267 1161
1267 1264
1267 1356
715 714
715 713
715 710
715 722
715 716
1790 1797
1797 30
1797 1649
1797 134
1797 1713
1797 1634
1797 43
1797 1793
1797 5
1797 1335
1797 1352
1797 566
1797 710
1797 1633
1797 1636
1797 83
1797 418
1797 36
1797 353
1797 1747
712 713
712 722
712 710
711 708
711 710
710 661
710 696
710 716
710 714
710 1067
710 576
710 593
710 708
710 709
710 704
710 706
710 700
710 702
710 703
710 117
710 713
710 586
710 584
710 589
710 1437
710 644
710 654
710 731
710 733
710 732
710 738
710 566
710 1598
710 1186
710 726
710 724
710 722
710 723
710 720
710 721
710 600
710 329
710 477
661 733
661 703
716 720
1264 1186
1264 1344
1069 1082
1069 1061
1069 1337
1069 1067
1069 1066
1068 1067
1061 1062
1061 1060
1060 1189
1063 997
1063 1067
1062 1065
1062 985
1065 1082
1065 1064
1065 1067
1065 589
1064 998
1067 1084
1067 30
1067 566
1067 722
1067 1245
1067 984
1669 1655
1669 1665
1669 1664
1669 1663
1668 1352
1668 1667
1667 1632
1664 1651
1664 1663
1664 1716
1663 1647
1663 1658
1663 1659
1663 1654
1663 1651
1663 1656
1663 1657
1663 1661
1662 1630
1662 1646
1662 30
1662 472
1662 36
1662 1661
1660 1646
1660 1710
1660 38
1087 1082
1087 1344
1087 1088
1087 1111
590 593
590 600
590 597
590 589
590 657
593 600
593 598
593 703
593 578
593 708
593 733
593 587
593 588
593 566
593 589
1084 1082
595 596
597 596
597 598
597 563
597 589
597 600
597 703
596 589
599 598
599 600
599 703
598 584
598 589
1089 1088
714 722
713 722
713 720
1409 1420
1409 1400
1409 1430
1408 982
1408 1407
1403 1429
1403 1366
1403 1340
1403 1441
1403 1402
1403 1406
1402 1400
1402 1401
1401 1400
1401 1405
1400 1344
1400 1420
1400 1446
1400 1298
1400 1407
1407 1428
1407 1406
1406 1405
1406 1404
1405 1420
1405 1404
1404 1349
1404 1428
1546 1545
449 448
449 446
449 444
449 474
449 269
448 445
1339 1338
1339 1340
1339 1337
1339 1346
1339 1353
1338 1340
1338 1337
1338 1344
1338 1353
693 694
693 700
1335 1344
1335 1345
1335 1352
1335 1337
1335 129
1335 1364
1334 1337
1337 1349
1337 1340
1337 1344
1337 1346
1337 1290
1337 1353
1337 1352
1337 1277
1337 722
440 445
440 444
440 474
447 453
447 446
447 445
447 477
445 444
444 467
444 337
1545 1510
1545 1539
1545 1538
696 709
696 694
696 564
696 703
696 697
38 37
38 43
38 35
33 49
33 46
33 31
33 30
33 36
33 32
32 31
32 36
32 35
31 589
30 1659
30 327
30 463
37 135
36 44
36 88
36 112
36 80
36 45
36 40
36 35
36 1747
35 34
35 1031
34 86
1537 1538
1243 1428
1243 998
1245 1420
1245 1425
1245 1246
1245 1249
1531 1502
648 584
648 600
648 650
1539 1658
1539 1562
1539 1563
1539 1510
1539 1519
1539 1538
1538 1563
339 333
339 325
338 335
338 333
335 334
335 336
335 333
334 333
337 336
337 333
331 333
331 321
331 326
330 333
333 1716
333 288
333 320
333 324
333 326
333 283
333 329
333 566
333 325
333 332
333 354
333 353
333 477
332 326
332 329
8 5
1353 1349
1353 1185
1353 1340
1353 1344
1353 1345
1353 86
1353 1420
1353 1352
1353 1350
1353 1356
1353 1364
1353 1365
1353 1368
1353 1369
948 947
948 941
949 1033
946 945
946 942
947 944
944 943
942 943
942 941
940 941
133 134
132 131
132 136
131 1344
131 135
131 323
131 283
131 126
131 129
131 260
131 1747
131 125
130 136
130 126
130 129
130 138
130 87
137 136
136 703
135 134
134 117
134 1716
138 126
708 600
708 706
708 707
708 700
708 703
708 589
708 709
708 658
708 586
708 566
704 705
704 703
704 1519
705 703
705 706
706 560
706 703
706 738
707 584
707 700
707 703
700 702
700 703
700 733
700 587
700 589
700 701
701 702
701 127
702 703
703 578
703 600
703 571
703 654
703 658
703 587
703 563
703 589
703 353
88 89
88 80
88 1747
88 87
82 83
82 81
83 114
83 84
80 81
80 86
81 87
86 87
86 85
86 126
87 114
87 283
84 85
1658 1646
1658 117
1658 1659
1658 1657
1659 1563
1659 1346
1652 1651
1652 1654
1653 1654
1650 1647
1650 1641
1650 1643
1650 1649
1650 42
1650 1344
1650 1651
1651 1344
1651 1655
1656 1649
1656 1657
1657 1647
1657 1641
1654 1646
1654 1642
1654 1648
1654 1747
1655 1638
586 587
586 584
586 589
587 578
587 582
587 600
587 580
587 584
587 588
587 589
587 566
587 568
587 571
584 657
584 650
584 585
584 583
584 795
584 589
582 583
582 577
582 565
582 589
582 566
583 578
583 573
583 577
583 574
583 357
583 283
583 580
583 581
583 561
583 562
583 563
583 566
583 266
583 356
583 477
580 579
580 572
580 566
580 589
580 473
580 578
588 600
588 566
588 589
589 650
589 575
589 418
589 578
589 571
589 570
589 577
589 576
589 574
589 601
589 733
589 564
589 566
589 738
589 600
589 477
589 475
1436 1421
1436 1437
1436 1425
1436 1446
1436 1435
1437 1420
1437 1434
1437 1424
1437 1446
1437 1438
1437 1433
1434 1421
1434 1435
1434 1433
1434 1420
1434 1345
1435 1630
1435 1420
1435 1429
1435 1421
1435 1356
1435 1430
1435 1439
1432 1420
1432 1430
1432 1429
1432 1439
1433 1427
1433 1439
1433 1299
1430 1421
1430 1420
1430 1366
1430 1441
1431 1421
1431 1420
1431 1428
1431 1439
418 1716
418 1189
418 476
1438 1439
1439 1420
1439 1428
1439 1344
1439 1441
1348 1349
1348 1352
1348 1347
1349 1350
1349 1344
1349 1340
1340 1341
1340 1344
1340 1292
1340 1299
1341 1346
452 469
452 453
453 325
1344 1346
1344 1347
1344 1292
1344 1297
1344 324
1344 1352
1344 1350
1345 1346
1345 1354
1502 1501
657 566
657 651
657 658
654 650
654 653
1501 1518
1501 1514
1501 1508
1501 1512
1506 1747
1506 1509
1506 1510
1506 1512
653 733
650 651
1508 1511
1508 1510
1509 1510
1509 1513
516 1747
322 564
323 288
323 321
323 324
323 328
320 321
320 326
320 329
321 324
326 328
326 324
326 327
327 521
327 328
324 733
324 282
328 329
1598 1567
995 994
995 996
995 990
994 996
994 990
994 992
997 986
997 998
991 990
990 989
990 982
990 986
990 985
990 1420
990 993
990 992
990 722
993 992
999 998
998 986
120 119
121 126
121 44
121 122
121 117
121 124
122 117
122 123
122 111
123 124
123 126
123 269
124 115
124 117
124 126
124 111
124 119
124 125
125 128
126 1424
128 129
521 1748
1748 1747
1645 1644
1645 1646
1645 1741
1644 1646
1647 1646
1647 1641
1647 49
1646 1641
1646 1635
1646 1643
1646 1639
1641 1640
1641 1642
1641 1292
1640 1630
1643 1630
1643 1633
1642 1639
1649 1648
1742 1743
1742 1745
1742 1747
1742 1741
1743 1744
1743 1745
1743 1747
579 576
578 573
578 570
578 565
578 575
578 566
578 475
578 576
573 568
573 562
573 570
573 574
573 566
572 566
572 477
571 568
571 569
571 570
571 566
571 574
570 569
570 566
577 574
577 576
576 569
576 566
576 574
574 566
601 600
1421 1420
1421 1429
1421 1422
1420 986
1420 118
1420 1425
1420 1424
1420 1427
1420 1426
1420 1429
1420 1428
1420 1446
1420 1389
1420 1366
1420 720
1420 729
1422 1424
1422 1747
1425 1424
1425 1426
1425 1428
1427 1428
1427 1426
1429 1428
731 472
731 730
731 733
731 732
731 722
731 720
730 722
733 732
733 735
733 734
733 736
733 726
733 727
733 724
733 722
733 723
733 720
733 728
733 729
735 734
734 736
734 738
737 736
736 738
739 738
738 724
738 720
1359 1358
1359 1356
1359 1369
1358 1356
469 468
469 467
469 473
469 477
469 478
468 465
468 467
465 477
1352 1350
1352 1381
467 473
467 476
467 477
1350 1291
461 477
461 475
1356 1290
1356 1297
1356 1354
1356 1292
1356 1187
1356 1184
1356 1366
1356 1360
1356 1361
1354 1364
1354 1365
1519 1639
1519 1516
1519 1511
1519 1510
1518 1514
1518 1517
1518 1516
1518 1511
1518 1510
1518 1513
1518 1512
1515 1516
1514 1510
1514 1513
1517 1510
1516 1568
1516 1511
1516 1510
1511 1747
1511 1562
1511 1510
1511 1512
1510 1512
357 356
357 353
357 359
357 358
356 475
356 355
356 264
356 353
355 353
355 359
354 353
353 110
353 352
353 473
353 351
353 566
353 561
353 477
353 350
353 359
352 351
352 350
359 358
1033 1031
1033 1035
1111 1184
484 477
484 478
289 288
289 283
288 283
288 285
288 284
5 1169
283 282
283 284
283 267
283 265
283 264
283 269
283 285
283 475
282 266
285 284
285 475
285 286
284 286
287 286
1441 1366
263 264
1292 1299
1292 1293
261 260
261 266
261 265
261 264
261 269
267 266
267 268
267 269
266 265
266 269
265 264
265 269
264 269
1031 1186
1031 44
1031 1185
1031 1187
269 268
1562 1563
1291 1290
1296 1297
1296 1295
1297 1298
1297 1290
1297 1295
988 987
982 983
982 980
982 981
982 985
983 984
980 981
986 987
986 985
984 42
984 985
115 114
115 117
114 113
117 1716
117 119
117 118
117 113
111 112
111 566
111 110
110 113
113 40
1388 1369
1631 44
1631 1632
1632 1633
1633 1636
1633 1634
1635 1716
1635 1636
1636 1637
1637 1638
568 566
569 567
560 561
560 477
561 566
562 566
563 566
563 477
564 477
565 566
566 44
566 567
566 1716
566 1747
566 476
566 477
1188 1186
1188 1169
1188 1189
1189 1160
1189 1180
1189 1186
1186 1185
1186 1184
1186 1182
1186 1183
1186 1180
1187 1185
1184 1290
1184 1169
1184 1183
1184 1181
1182 1183
1182 1180
1182 1181
1183 1181
1180 1169
1180 1181
1181 1169
726 727
726 724
726 725
726 722
726 723
726 728
727 722
724 725
724 722
724 723
724 720
724 729
725 722
722 795
722 723
722 720
722 721
722 729
723 721
720 721
1744 1716
1744 1745
1744 1747
1745 1746
1745 1741
1746 1747
1746 1741
1747 49
1747 1716
1740 1716
1740 1741
728 729
1164 1165
1164 1167
1164 1163
1164 1169
1165 1299
1166 1160
1166 1161
1166 1163
1166 1169
1166 1167
1160 1161
1160 1162
1160 1169
1161 1162
1161 1163
1161 1169
1162 1163
1162 1169
1168 1169
472 473
48 40
48 49
46 45
44 45
42 43
42 41
40 41
1568 1569
1568 1566
1568 1567
1569 1563
1569 1565
1298 1299
1299 1293
1560 1563
1563 1564
1563 1565
1563 1566
1564 1565
1564 1566
1565 1566
1565 1567
474 475
796 795
796 1716
796 791
475 477
1710 1716
1366 1365
473 477
1364 1365
1365 1369
476 477
477 478
477 479
1360 1361
