1.000000 0.097008 0.239373 0.259923 0.223996 0.470592 0.312786 0.073640 0.182315 0.206251 0.180970 0.192958 0.190684 0.198755 0.202658 0.183199 0.266361 0.231014 0.224663 0.180382 0.207860 0.212634 0.243617 0.239463 0.207712 0.211433 0.228526 0.228983 0.066038 
0.097008 1.000000 0.000000 0.043712 0.076838 0.041870 0.084273 0.438269 0.036536 0.042412 0.079672 0.020590 0.031495 0.052054 0.082781 0.087721 0.014798 0.071927 0.011458 0.115440 0.065146 0.038446 0.038218 0.017657 0.071206 0.017570 0.101608 0.056309 0.319035 
0.239373 0.000000 1.000000 0.660113 0.526336 0.589248 0.424451 0.054472 0.780740 0.800131 0.374293 0.821827 0.827505 0.527248 0.571078 0.590460 0.660695 0.450570 0.871314 0.483117 0.627266 0.503379 0.556486 0.680513 0.577790 0.446308 0.402270 0.313764 0.068606 
0.259923 0.043712 0.660113 1.000000 0.233909 0.540185 0.302808 0.067209 0.465849 0.700745 0.814027 0.601832 0.451655 0.896160 0.212907 0.328505 0.924721 0.413518 0.497364 0.257576 0.260984 0.587236 0.451346 0.444696 0.335002 0.250349 0.152879 0.186125 0.069179 
0.223996 0.076838 0.526336 0.233909 1.000000 0.424620 0.604785 0.122573 0.338265 0.302003 0.239909 0.405059 0.272805 0.252048 0.846451 0.600859 0.244575 0.286541 0.568431 0.555596 0.919384 0.182764 0.263953 0.869569 0.894532 0.584918 0.944329 0.501545 0.093089 
0.470592 0.041870 0.589248 0.540185 0.424620 1.000000 0.528216 0.105164 0.408692 0.429528 0.323781 0.439704 0.444510 0.411542 0.373684 0.320288 0.609993 0.698054 0.543657 0.273688 0.407970 0.480300 0.763564 0.565919 0.396946 0.517142 0.397299 0.443836 0.134123 
0.312786 0.084273 0.424451 0.302808 0.604785 0.528216 1.000000 0.226155 0.221648 0.208580 0.166099 0.258422 0.255663 0.211360 0.443900 0.254382 0.404592 0.298626 0.472823 0.226450 0.488864 0.488523 0.361010 0.681819 0.462500 0.835486 0.641728 0.884063 0.258691 
0.073640 0.438269 0.054472 0.067209 0.122573 0.105164 0.226155 1.000000 0.062716 0.059539 0.079895 0.052659 0.069216 0.059219 0.114087 0.095346 0.054856 0.140675 0.073045 0.117227 0.101300 0.153271 0.156370 0.092082 0.099415 0.240836 0.150806 0.271488 0.915491 
0.182315 0.036536 0.780740 0.465849 0.338265 0.408692 0.221648 0.062716 1.000000 0.705432 0.380981 0.831233 0.866330 0.442265 0.501809 0.551472 0.504569 0.395628 0.696496 0.431563 0.536771 0.370585 0.520561 0.425490 0.440893 0.280372 0.180820 0.172742 0.094533 
0.206251 0.042412 0.800131 0.700745 0.302003 0.429528 0.208580 0.059539 0.705432 1.000000 0.554977 0.905352 0.708086 0.647621 0.366060 0.513207 0.645942 0.407290 0.582048 0.371399 0.446509 0.365659 0.411553 0.414438 0.417125 0.205324 0.173881 0.135497 0.068597 
0.180970 0.079672 0.374293 0.814027 0.239909 0.323781 0.166099 0.079895 0.380981 0.554977 1.000000 0.483175 0.312556 0.969635 0.172808 0.269650 0.730053 0.340817 0.265288 0.170848 0.232387 0.327098 0.325246 0.327725 0.325234 0.164521 0.173000 0.127799 0.083657 
0.192958 0.020590 0.821827 0.601832 0.405059 0.439704 0.258422 0.052659 0.831233 0.905352 0.483175 1.000000 0.739886 0.556998 0.502738 0.681136 0.628524 0.441430 0.737988 0.540665 0.586254 0.405689 0.461295 0.469263 0.559068 0.318890 0.222775 0.223329 0.088325 
0.190684 0.031495 0.827505 0.451655 0.272805 0.444510 0.255663 0.069216 0.866330 0.708086 0.312556 0.739886 1.000000 0.417612 0.374263 0.416017 0.529398 0.401363 0.660021 0.308825 0.419620 0.327990 0.569174 0.420455 0.323380 0.319631 0.174254 0.224809 0.103269 
0.198755 0.052054 0.527248 0.896160 0.252048 0.411542 0.211360 0.059219 0.442265 0.647621 0.969635 0.556998 0.417612 1.000000 0.205408 0.321550 0.824466 0.389706 0.381242 0.230310 0.265482 0.425546 0.401041 0.413197 0.358115 0.209098 0.167041 0.151087 0.065625 
0.202658 0.082781 0.571078 0.212907 0.846451 0.373684 0.443900 0.114087 0.501809 0.366060 0.172808 0.502738 0.374263 0.205408 1.000000 0.700019 0.226579 0.256126 0.572129 0.699629 0.962146 0.192208 0.302164 0.788089 0.868851 0.449449 0.706575 0.373133 0.104527 
0.183199 0.087721 0.590460 0.328505 0.600859 0.320288 0.254382 0.095346 0.551472 0.513207 0.269650 0.681136 0.416017 0.321550 0.700019 1.000000 0.366274 0.262447 0.690913 0.961716 0.790447 0.281659 0.313941 0.478638 0.874092 0.271825 0.327822 0.207104 0.095997 
0.266361 0.014798 0.660695 0.924721 0.244575 0.609993 0.404592 0.054856 0.504569 0.645942 0.730053 0.628524 0.529398 0.824466 0.226579 0.366274 1.000000 0.444185 0.564996 0.295428 0.283887 0.679216 0.572433 0.511808 0.351615 0.402309 0.155982 0.326909 0.084728 
0.231014 0.071927 0.450570 0.413518 0.286541 0.698054 0.298626 0.140675 0.395628 0.407290 0.340817 0.441430 0.401363 0.389706 0.256126 0.262447 0.444185 1.000000 0.405526 0.220676 0.290851 0.360738 0.759630 0.387235 0.287700 0.344337 0.260179 0.301435 0.150593 
0.224663 0.011458 0.871314 0.497364 0.568431 0.543657 0.472823 0.073045 0.696496 0.582048 0.265288 0.737988 0.660021 0.381242 0.572129 0.690913 0.564996 0.405526 1.000000 0.585084 0.650130 0.580512 0.524733 0.670946 0.643212 0.538134 0.430210 0.398821 0.100584 
0.180382 0.115440 0.483117 0.257576 0.555596 0.273688 0.226450 0.117227 0.431563 0.371399 0.170848 0.540665 0.308825 0.230310 0.699629 0.961716 0.295428 0.220676 0.585084 1.000000 0.754350 0.272503 0.260948 0.440797 0.850288 0.237388 0.282547 0.193649 0.116668 
0.207860 0.065146 0.627266 0.260984 0.919384 0.407970 0.488864 0.101300 0.536771 0.446509 0.232387 0.586254 0.419620 0.265482 0.962146 0.790447 0.283887 0.290851 0.650130 0.754350 1.000000 0.213936 0.318255 0.818457 0.952405 0.491599 0.763097 0.404717 0.087602 
0.212634 0.038446 0.503379 0.587236 0.182764 0.480300 0.488523 0.153271 0.370585 0.365659 0.327098 0.405689 0.327990 0.425546 0.192208 0.281659 0.679216 0.360738 0.580512 0.272503 0.213936 1.000000 0.460723 0.504640 0.244944 0.644071 0.138112 0.538494 0.240605 
0.243617 0.038218 0.556486 0.451346 0.263953 0.763564 0.361010 0.156370 0.520561 0.411553 0.325246 0.461295 0.569174 0.401041 0.302164 0.313941 0.572433 0.759630 0.524733 0.260948 0.318255 0.460723 1.000000 0.432489 0.293619 0.448321 0.208196 0.320825 0.219109 
0.239463 0.017657 0.680513 0.444696 0.869569 0.565919 0.681819 0.092082 0.425490 0.414438 0.327725 0.469263 0.420455 0.413197 0.788089 0.478638 0.511808 0.387235 0.670946 0.440797 0.818457 0.504640 0.432489 1.000000 0.760747 0.717765 0.836734 0.595879 0.097842 
0.207712 0.071206 0.577790 0.335002 0.894532 0.396946 0.462500 0.099415 0.440893 0.417125 0.325234 0.559068 0.323380 0.358115 0.868851 0.874092 0.351615 0.287700 0.643212 0.850288 0.952405 0.244944 0.293619 0.760747 1.000000 0.456228 0.704240 0.378067 0.081469 
0.211433 0.017570 0.446308 0.250349 0.584918 0.517142 0.835486 0.240836 0.280372 0.205324 0.164521 0.318890 0.319631 0.209098 0.449449 0.271825 0.402309 0.344337 0.538134 0.237388 0.491599 0.644071 0.448321 0.717765 0.456228 1.000000 0.610420 0.949641 0.379590 
0.228526 0.101608 0.402270 0.152879 0.944329 0.397299 0.641728 0.150806 0.180820 0.173881 0.173000 0.222775 0.174254 0.167041 0.706575 0.327822 0.155982 0.260179 0.430210 0.282547 0.763097 0.138112 0.208196 0.836734 0.704240 0.610420 1.000000 0.542191 0.115056 
0.228983 0.056309 0.313764 0.186125 0.501545 0.443836 0.884063 0.271488 0.172742 0.135497 0.127799 0.223329 0.224809 0.151087 0.373133 0.207104 0.326909 0.301435 0.398821 0.193649 0.404717 0.538494 0.320825 0.595879 0.378067 0.949641 0.542191 1.000000 0.405365 
0.066038 0.319035 0.068606 0.069179 0.093089 0.134123 0.258691 0.915491 0.094533 0.068597 0.083657 0.088325 0.103269 0.065625 0.104527 0.095997 0.084728 0.150593 0.100584 0.116668 0.087602 0.240605 0.219109 0.097842 0.081469 0.379590 0.115056 0.405365 1.000000 
