1.000000 0.468290 0.520076 0.896919 0.686507 0.972273 0.852404 0.288812 0.343801 0.332373 0.782323 0.398270 0.465494 0.867888 0.472328 0.454911 0.899126 0.837303 0.427607 0.279572 0.540515 0.852596 0.938969 0.911333 0.558495 0.879117 0.718331 0.446728 0.165874 
0.468290 1.000000 0.056096 0.231993 0.182567 0.393314 0.717392 0.934569 0.015225 0.013172 0.147868 0.023596 0.040139 0.219616 0.044810 0.037667 0.238313 0.297755 0.035378 0.012750 0.078452 0.341429 0.352107 0.324571 0.129523 0.634092 0.280299 0.731019 0.798621 
0.520076 0.056096 1.000000 0.636187 0.789239 0.552288 0.260003 0.016104 0.962459 0.956664 0.661751 0.977615 0.993832 0.628670 0.975149 0.985391 0.683182 0.454532 0.985256 0.731034 0.960216 0.301043 0.584954 0.660094 0.774116 0.265422 0.500996 0.087736 0.003045 
0.896919 0.231993 0.636187 1.000000 0.668280 0.936881 0.606899 0.110224 0.468306 0.459583 0.958666 0.534459 0.591474 0.982116 0.578819 0.573145 0.992301 0.855028 0.531387 0.342415 0.608660 0.857101 0.928501 0.884096 0.548869 0.695889 0.633628 0.211120 0.044798 
0.686507 0.182567 0.789239 0.668280 1.000000 0.675721 0.511018 0.094467 0.651702 0.638323 0.629275 0.677616 0.736908 0.637097 0.783277 0.785070 0.718738 0.516430 0.757996 0.649997 0.900962 0.435589 0.688570 0.848754 0.972865 0.479772 0.871923 0.277386 0.044929 
0.972273 0.393314 0.552288 0.936881 0.675721 1.000000 0.776330 0.234418 0.374467 0.363503 0.817665 0.432819 0.506314 0.940255 0.495299 0.485105 0.945346 0.929943 0.455230 0.278352 0.554467 0.885936 0.990931 0.915224 0.547785 0.859274 0.696055 0.361276 0.127486 
0.852404 0.717392 0.260003 0.606899 0.511018 0.776330 1.000000 0.567887 0.131911 0.124731 0.478155 0.164978 0.213987 0.573104 0.230762 0.217035 0.620273 0.617780 0.202439 0.121993 0.311062 0.712478 0.724346 0.745954 0.407817 0.951095 0.657758 0.777499 0.420161 
0.288812 0.934569 0.016104 0.110224 0.094467 0.234418 0.567887 1.000000 0.001591 0.001138 0.059534 0.003691 0.009493 0.104525 0.011828 0.008653 0.117676 0.165756 0.008311 0.001329 0.029260 0.195845 0.206804 0.189969 0.065304 0.486457 0.169005 0.737894 0.955296 
0.343801 0.015225 0.962459 0.468306 0.651702 0.374467 0.131911 0.001591 1.000000 0.998266 0.516678 0.992365 0.978875 0.465027 0.949054 0.965243 0.511825 0.300332 0.977584 0.728689 0.897756 0.163286 0.407807 0.476010 0.665098 0.133076 0.343273 0.032299 0.000002 
0.332373 0.013172 0.956664 0.459583 0.638323 0.363503 0.124731 0.001138 0.998266 1.000000 0.510881 0.992934 0.974246 0.455694 0.934271 0.960739 0.503844 0.291672 0.973629 0.706159 0.886279 0.158646 0.395694 0.468018 0.651342 0.126400 0.336495 0.029000 0.000000 
0.782323 0.147868 0.661751 0.958666 0.629275 0.817665 0.478155 0.059534 0.516678 0.510881 1.000000 0.586110 0.618581 0.917773 0.608629 0.602493 0.944180 0.709442 0.560201 0.359726 0.620845 0.745123 0.807884 0.800499 0.529048 0.552073 0.554794 0.141930 0.019069 
0.398270 0.023596 0.977615 0.534459 0.677616 0.432819 0.164978 0.003691 0.992365 0.992934 0.586110 1.000000 0.988304 0.529639 0.945683 0.967612 0.578416 0.353922 0.977171 0.687166 0.906523 0.211041 0.464973 0.531690 0.676106 0.170864 0.381352 0.042748 0.000112 
0.465494 0.040139 0.993832 0.591474 0.736908 0.506314 0.213987 0.009493 0.978875 0.974246 0.618581 0.988304 1.000000 0.594719 0.966062 0.980743 0.638905 0.429417 0.984568 0.714884 0.936308 0.261992 0.544004 0.601171 0.726154 0.223974 0.441840 0.064176 0.001147 
0.867888 0.219616 0.628670 0.982116 0.637097 0.940255 0.573104 0.104525 0.465027 0.455694 0.917773 0.529639 0.594719 1.000000 0.565151 0.562333 0.981412 0.918390 0.522754 0.317468 0.589625 0.849895 0.949649 0.853464 0.516555 0.687770 0.596210 0.189263 0.042101 
0.472328 0.044810 0.975149 0.578819 0.783277 0.495299 0.230762 0.011828 0.949054 0.934271 0.608629 0.945683 0.966062 0.565151 1.000000 0.977815 0.621596 0.386698 0.975021 0.833943 0.961465 0.251134 0.529617 0.612168 0.790253 0.226690 0.471546 0.080057 0.001951 
0.454911 0.037667 0.985391 0.573145 0.785070 0.485105 0.217035 0.008653 0.965243 0.960739 0.602493 0.967612 0.980743 0.562333 0.977815 1.000000 0.622355 0.389022 0.990620 0.798554 0.960423 0.253907 0.518540 0.621154 0.790794 0.217375 0.492197 0.069480 0.000959 
0.899126 0.238313 0.683182 0.992301 0.718738 0.945346 0.620273 0.117676 0.511825 0.503844 0.944180 0.578416 0.638905 0.981412 0.621596 0.622355 1.000000 0.863927 0.583625 0.371502 0.660115 0.836068 0.945179 0.919473 0.602867 0.705008 0.677684 0.231994 0.050324 
0.837303 0.297755 0.454532 0.855028 0.516430 0.929943 0.617780 0.165756 0.300332 0.291672 0.709442 0.353922 0.429417 0.918390 0.386698 0.389022 0.863927 1.000000 0.359979 0.181373 0.427165 0.856387 0.947874 0.771950 0.393248 0.766014 0.541747 0.229606 0.080348 
0.427607 0.035378 0.985256 0.531387 0.757996 0.455230 0.202439 0.008311 0.977584 0.973629 0.560201 0.977171 0.984568 0.522754 0.975021 0.990620 0.583625 0.359979 1.000000 0.768749 0.953688 0.218446 0.489678 0.586829 0.768333 0.199250 0.455800 0.068996 0.001004 
0.279572 0.012750 0.731034 0.342415 0.649997 0.278352 0.121993 0.001329 0.728689 0.706159 0.359726 0.687166 0.714884 0.317468 0.833943 0.798554 0.371502 0.181373 0.768749 1.000000 0.779724 0.112880 0.302351 0.414307 0.700503 0.102565 0.360598 0.040092 0.000003 
0.540515 0.078452 0.960216 0.608660 0.900962 0.554467 0.311062 0.029260 0.897756 0.886279 0.620845 0.906523 0.936308 0.589625 0.961465 0.960423 0.660115 0.427165 0.953688 0.779724 1.000000 0.297391 0.583729 0.704927 0.907418 0.297367 0.621305 0.135038 0.009025 
0.852596 0.341429 0.301043 0.857101 0.435589 0.885936 0.712478 0.195845 0.163286 0.158646 0.745123 0.211041 0.261992 0.849895 0.251134 0.253907 0.836068 0.856387 0.218446 0.112880 0.297391 1.000000 0.852742 0.769522 0.315810 0.841355 0.562358 0.277404 0.097091 
0.938969 0.352107 0.584954 0.928501 0.688570 0.990931 0.724346 0.206804 0.407807 0.395694 0.807884 0.464973 0.544004 0.949649 0.529617 0.518540 0.945179 0.947874 0.489678 0.302351 0.583729 0.852742 1.000000 0.907843 0.566043 0.821039 0.686005 0.325261 0.110149 
0.911333 0.324571 0.660094 0.884096 0.848754 0.915224 0.745954 0.189969 0.476010 0.468018 0.800499 0.531690 0.601171 0.853464 0.612168 0.621154 0.919473 0.771950 0.586829 0.414307 0.704927 0.769522 0.907843 1.000000 0.750623 0.769770 0.866086 0.385222 0.101152 
0.558495 0.129523 0.774116 0.548869 0.972865 0.547785 0.407817 0.065304 0.665098 0.651342 0.529048 0.676106 0.726154 0.516555 0.790253 0.790794 0.602867 0.393248 0.768333 0.700503 0.907418 0.315810 0.566043 0.750623 1.000000 0.367196 0.810264 0.233846 0.030345 
0.879117 0.634092 0.265422 0.695889 0.479772 0.859274 0.951095 0.486457 0.133076 0.126400 0.552073 0.170864 0.223974 0.687770 0.226690 0.217375 0.705008 0.766014 0.199250 0.102565 0.297367 0.841355 0.821039 0.769770 0.367196 1.000000 0.631742 0.632597 0.344781 
0.718331 0.280299 0.500996 0.633628 0.871923 0.696055 0.657758 0.169005 0.343273 0.336495 0.554794 0.381352 0.441840 0.596210 0.471546 0.492197 0.677684 0.541747 0.455800 0.360598 0.621305 0.562358 0.686005 0.866086 0.810264 0.631742 1.000000 0.388154 0.092045 
0.446728 0.731019 0.087736 0.211120 0.277386 0.361276 0.777499 0.737894 0.032299 0.029000 0.141930 0.042748 0.064176 0.189263 0.080057 0.069480 0.231994 0.229606 0.068996 0.040092 0.135038 0.277404 0.325261 0.385222 0.233846 0.632597 0.388154 1.000000 0.684959 
0.165874 0.798621 0.003045 0.044798 0.044929 0.127486 0.420161 0.955296 0.000002 0.000000 0.019069 0.000112 0.001147 0.042101 0.001951 0.000959 0.050324 0.080348 0.001004 0.000003 0.009025 0.097091 0.110149 0.101152 0.030345 0.344781 0.092045 0.684959 1.000000 
