1.000000 0.969193 0.872247 0.644156 0.000000 0.089745 0.042258 0.262422 0.146420 0.359020 0.319118 0.170595 0.232599 0.244880 0.517554 0.616213 0.735000 0.683507 0.653845 0.096080 0.162805 0.232224 0.282055 0.347190 0.403496 0.354013 0.364807 0.097012 0.177574
0.969193 1.000000 0.964088 0.755696 0.207830 0.303498 0.271248 0.471681 0.378200 0.573106 0.545479 0.407246 0.467817 0.478196 0.713177 0.774699 0.878208 0.840508 0.818535 0.322593 0.406824 0.463961 0.508110 0.556858 0.606401 0.572057 0.571142 0.339146 0.405304
0.872247 0.964088 1.000000 0.793775 0.417365 0.509847 0.501655 0.652081 0.606628 0.758091 0.749948 0.621121 0.685501 0.693380 0.868105 0.861537 0.959255 0.953676 0.935004 0.493444 0.608116 0.642292 0.681424 0.712175 0.748716 0.740247 0.716738 0.534495 0.575011
0.644156 0.755696 0.793775 1.000000 0.283781 0.373673 0.374911 0.534908 0.477294 0.651583 0.647638 0.568558 0.586696 0.595752 0.739134 0.934666 0.826767 0.770568 0.851791 0.714861 0.688560 0.737692 0.758000 0.778869 0.846411 0.703660 0.771500 0.697997 0.698780
0.000000 0.207830 0.417365 0.283781 1.000000 0.986089 0.964850 0.921623 0.909072 0.863943 0.785502 0.882481 0.847088 0.844840 0.746330 0.455700 0.578964 0.620135 0.611010 0.450335 0.693007 0.613079 0.667177 0.722166 0.649614 0.606635 0.496581 0.585998 0.559424
0.089745 0.303498 0.509847 0.373673 0.986089 1.000000 0.978787 0.968901 0.941231 0.920422 0.847699 0.928844 0.897148 0.898206 0.820698 0.549753 0.670993 0.703858 0.694792 0.525444 0.758788 0.689411 0.737936 0.786354 0.725535 0.689092 0.584966 0.654178 0.634285
0.042258 0.271248 0.501655 0.374911 0.964850 0.978787 1.000000 0.938847 0.980124 0.931191 0.892037 0.955186 0.937561 0.938647 0.835529 0.556534 0.656748 0.718577 0.712763 0.566110 0.796113 0.719792 0.764297 0.797660 0.736041 0.721310 0.613258 0.697553 0.662529
0.262422 0.471681 0.652081 0.534908 0.921623 0.968901 0.938847 1.000000 0.931673 0.966148 0.894791 0.949627 0.923521 0.927432 0.905379 0.700457 0.807584 0.810372 0.807372 0.625048 0.828027 0.785032 0.827377 0.870851 0.833426 0.787795 0.706495 0.733480 0.732227
0.146420 0.378200 0.606628 0.477294 0.909072 0.941231 0.980124 0.931673 1.000000 0.963876 0.955300 0.969392 0.982020 0.981383 0.903318 0.654302 0.740398 0.809008 0.805020 0.635342 0.849529 0.786019 0.822043 0.839037 0.796677 0.797995 0.698954 0.758733 0.722963
0.359020 0.573106 0.758091 0.651583 0.863943 0.920422 0.931191 0.966148 0.963876 1.000000 0.971440 0.975924 0.979003 0.982989 0.974706 0.807331 0.881426 0.907524 0.910726 0.712708 0.894424 0.860197 0.897853 0.923266 0.900824 0.876115 0.805302 0.811067 0.802426
0.319118 0.545479 0.749948 0.647638 0.785502 0.847699 0.892037 0.894791 0.955300 0.971440 1.000000 0.953061 0.990249 0.991166 0.969665 0.814852 0.856380 0.913570 0.917542 0.770633 0.920573 0.890763 0.907210 0.891090 0.883731 0.919290 0.854619 0.856725 0.827257
0.170595 0.407246 0.621121 0.568558 0.882481 0.928844 0.955186 0.949627 0.969392 0.975924 0.953061 1.000000 0.976366 0.980241 0.921758 0.745921 0.783651 0.817392 0.829295 0.753339 0.923332 0.876604 0.910104 0.926983 0.888154 0.867950 0.796539 0.851198 0.835143
0.232599 0.467817 0.685501 0.586696 0.847088 0.897148 0.937561 0.923521 0.982020 0.979003 0.990249 0.976366 1.000000 0.998058 0.952257 0.767440 0.816235 0.872127 0.875185 0.749591 0.920811 0.878979 0.901460 0.896716 0.874278 0.893166 0.817094 0.848929 0.823198
0.244880 0.478196 0.693380 0.595752 0.844840 0.898206 0.938647 0.927432 0.981383 0.982989 0.991166 0.980241 0.998058 1.000000 0.954776 0.770633 0.822167 0.877005 0.880896 0.747456 0.918208 0.876259 0.900214 0.897780 0.875491 0.892152 0.816750 0.845579 0.818014
0.517554 0.713177 0.868105 0.739134 0.746330 0.820698 0.835529 0.905379 0.903318 0.974706 0.969665 0.921758 0.952257 0.954776 1.000000 0.889058 0.953539 0.973327 0.971495 0.738461 0.889593 0.880059 0.909356 0.919813 0.920065 0.919937 0.866208 0.815935 0.822022
0.616213 0.774699 0.861537 0.934666 0.455700 0.549753 0.556534 0.700457 0.654302 0.807331 0.814852 0.745921 0.767440 0.770633 0.889058 1.000000 0.929461 0.895926 0.941448 0.843047 0.858000 0.898693 0.912407 0.906433 0.950922 0.900143 0.930358 0.846741 0.871653
0.735000 0.878208 0.959255 0.826767 0.578964 0.670993 0.656748 0.807584 0.740398 0.881426 0.856380 0.783651 0.816235 0.822167 0.953539 0.929461 1.000000 0.977340 0.974609 0.661570 0.779733 0.802855 0.836530 0.863951 0.887191 0.857757 0.832546 0.711166 0.748694
0.683507 0.840508 0.953676 0.770568 0.620135 0.703858 0.718577 0.810372 0.809008 0.907524 0.913570 0.817392 0.872127 0.877005 0.973327 0.895926 0.977340 1.000000 0.986868 0.654119 0.793666 0.801045 0.832781 0.843885 0.860377 0.876681 0.830723 0.718344 0.734956
0.653845 0.818535 0.935004 0.851791 0.611010 0.694792 0.712763 0.807372 0.805020 0.910726 0.917542 0.829295 0.875185 0.880896 0.971495 0.941448 0.974609 0.986868 1.000000 0.725560 0.834783 0.845294 0.874620 0.884705 0.909851 0.889651 0.865483 0.778089 0.782015
0.096080 0.322593 0.493444 0.714861 0.450335 0.525444 0.566110 0.625048 0.635342 0.712708 0.770633 0.753339 0.749591 0.747456 0.738461 0.843047 0.661570 0.654119 0.725560 1.000000 0.943866 0.965573 0.935367 0.856247 0.888109 0.910284 0.951378 0.984386 0.968902
0.162805 0.406824 0.608116 0.688560 0.693007 0.758788 0.796113 0.828027 0.849529 0.894424 0.920573 0.923332 0.920811 0.918208 0.889593 0.858000 0.779733 0.793666 0.834783 0.943866 1.000000 0.991158 0.988254 0.948341 0.949109 0.960036 0.944930 0.985262 0.974134
0.232224 0.463961 0.642292 0.737692 0.613079 0.689411 0.719792 0.785032 0.786019 0.860197 0.890763 0.876604 0.878979 0.876259 0.880059 0.898693 0.802855 0.801045 0.845294 0.965573 0.991158 1.000000 0.990981 0.943034 0.957920 0.972487 0.975297 0.988168 0.988735
0.282055 0.508110 0.681424 0.758000 0.667177 0.737936 0.764297 0.827377 0.822043 0.897853 0.907210 0.910104 0.901460 0.900214 0.909356 0.912407 0.836530 0.832781 0.874620 0.935367 0.988254 0.990981 1.000000 0.976941 0.980641 0.965274 0.959842 0.970433 0.977882
0.347190 0.556858 0.712175 0.778869 0.722166 0.786354 0.797660 0.870851 0.839037 0.923266 0.891090 0.926983 0.896716 0.897780 0.919813 0.906433 0.863951 0.843885 0.884705 0.856247 0.948341 0.943034 0.976941 1.000000 0.989269 0.909554 0.895133 0.908615 0.928391
0.403496 0.606401 0.748716 0.846411 0.649614 0.725535 0.736041 0.833426 0.796677 0.900824 0.883731 0.888154 0.874278 0.875491 0.920065 0.950922 0.887191 0.860377 0.909851 0.888109 0.949109 0.957920 0.980641 0.989269 1.000000 0.923632 0.927127 0.923887 0.939432
0.354013 0.572057 0.740247 0.703660 0.606635 0.689092 0.721310 0.787795 0.797995 0.876115 0.919290 0.867950 0.893166 0.892152 0.919937 0.900143 0.857757 0.876681 0.889651 0.910284 0.960036 0.972487 0.965274 0.909554 0.923632 1.000000 0.982948 0.938520 0.949599
0.364807 0.571142 0.716738 0.771500 0.496581 0.584966 0.613258 0.706495 0.698954 0.805302 0.854619 0.796539 0.817094 0.816750 0.866208 0.930358 0.832546 0.830723 0.865483 0.951378 0.944930 0.975297 0.959842 0.895133 0.927127 0.982948 1.000000 0.950622 0.961574
0.097012 0.339146 0.534495 0.697997 0.585998 0.654178 0.697553 0.733480 0.758733 0.811067 0.856725 0.851198 0.848929 0.845579 0.815935 0.846741 0.711166 0.718344 0.778089 0.984386 0.985262 0.988168 0.970433 0.908615 0.923887 0.938520 0.950622 1.000000 0.980489
0.177574 0.405304 0.575011 0.698780 0.559424 0.634285 0.662529 0.732227 0.722963 0.802426 0.827257 0.835143 0.823198 0.818014 0.822022 0.871653 0.748694 0.734956 0.782015 0.968902 0.974134 0.988735 0.977882 0.928391 0.939432 0.949599 0.961574 0.980489 1.000000
